# 23_4L
    A   B   C   D   E   F   G   H   I   J   K   L   M   N   O   P   Q   R   S   T   U   V   W   X   Y   Z   a   b   c   d   e   f   g   h   i   j   k   l   m   n   o   p   q   r   s   t   u   v   w   x   y   z   0   1   2   3   4   5   6   7   8   9   ~   !   "   #   $   %   &   '   (   )   *   +   ,   .   /   :   ;   <   =   >   ?   @   [   \   ]   ^   _   `   {   }
A   3   1   1   0   0  -1  -1  -2  -1   0  -2  -1  -2  -2   1  -2  -2  -1  -3   0   0  -1  -2  -1  -1  -1  -1  -2  -1   0  -1   0  -1  -2  -2   0  -2  -1  -1  -1   0  -3  -1   0  -1  -2  -1  -1  -1   0  -1  -1  -2  -2  -1  -1  -1  -2  -1  -1  -1  -1  -1   0  -1  -1  -2  -2   0  -1  -1  -1  -2  -1  -2  -1  -2  -1  -1  -2  -2  -2  -1   0  -2  -2  -1  -1  -1  -1   0  -2
B   1   6   0   1   2   4  -1  -2   1   0  -2   0  -2  -1   1  -2   0  -2  -1   0   0  -1  -1  -1  -1  -1  -1  -1   0  -1   0   1  -1  -3  -2   0  -1  -1  -1   0  -2  -2  -2  -1   0  -3  -1  -1  -1  -1  -1  -1  -2  -1   0  -1  -1  -3  -1   0  -1  -1  -2  -1  -1   0   0   0  -1  -1  -1  -1  -1  -1  -2  -1  -2  -1  -1  -3  -2  -1   0  -1  -2  -1  -1   0  -1  -1   0   0
C   1   0   3   1  -1  -1  -1  -2  -2   2  -1  -1  -1  -1   0  -1  -2  -1  -2   0   0  -1  -1  -1  -1  -1  -1  -2  -1  -1  -1   0  -1  -1  -2   1  -1  -1  -1   0   0  -2  -1   0   0  -1  -1  -1  -1  -1  -1   0   0  -1  -1   0  -1  -1  -1  -1  -1  -1  -2  -1   0  -1  -2  -2   0  -1  -1  -1  -1  -1  -1  -1  -2  -1  -1  -1  -1  -1  -1  -1  -1  -2  -2   0  -2  -2  -1  -1
D   0   1   1   6   2   1  -1  -2  -2   0   2   2  -1  -1   0   0  -2   1  -1  -1   0   0  -1  -1  -1   0  -1  -1  -1  -1  -1   0   0  -1  -1   0  -2   0  -1  -1   0  -1   0   0   1  -1  -1   0   0  -1  -1   0   0  -1   0  -1  -1  -2   0  -2  -1  -2  -1   1   0   0  -2   0   0  -1  -1  -1  -2  -2  -1   0  -2  -1  -1  -3  -3   0   1  -1   0   0  -1   0  -1   0   1  -1
E   0   2  -1   2   8   4   3  -1   0   0   0  -1  -3   2  -1  -1  -2  -1  -2  -4  -1  -2   0  -1   0  -1   0  -2  -1   0  -1   1  -1  -2  -1   0  -2  -1  -1  -1   1  -3   1   0   0  -1  -1   0  -1  -1  -1  -1  -1  -2  -2   0  -2  -4  -1   0   0  -2   0   1  -1   0  -1  -1   1  -1  -1  -1  -1   1  -2  -2  -3  -2   0   1   0  -2   0   0  -2  -2   0   0   0  -2  -1  -1
F  -1   4  -1   1   4   8   3  -1   5  -1  -1  -2  -2   1   0  -2  -1   0   0  -2  -1  -1   0  -1  -1  -1  -2  -1  -2  -1   0   0  -1  -2  -3   0  -3  -1  -1  -1  -2  -3  -1   0   2   0  -1  -1  -1  -1  -1  -1  -2  -2  -1  -1  -3  -3  -1   0  -2  -2   0  -3  -2   0  -1  -1  -1  -1  -2  -1  -2   0  -3  -1  -4   0  -1  -5  -1  -2  -2  -1   0  -2   0  -3  -3  -1  -1  -1
G  -1  -1  -1  -1   3   3   9   4   4  -2  -1   1  -3   5  -2  -2   0  -1   0  -2  -1   0  -1  -1  -1  -1   0  -2   0  -2   0   0  -2  -1  -3   1   0   0   1  -1  -3   0   0   0   1  -2  -1  -1  -1  -2  -1   0  -1  -1  -1  -1   0   0  -2   1  -1  -2  -4   1  -1   1  -3  -2  -1  -2  -1  -1  -1  -3  -2  -2  -2  -1   0  -1  -3  -4  -1   1  -1  -1   1  -1  -2  -2  -2  -2
H  -2  -2  -2  -2  -1  -1   4  10   6  -2  -1   0   4   2  -2   0  -2   0   2  -1  -1   0   0  -1  -1  -1   0  -1  -1  -2  -2  -2  -1  -2  -1  -2   0  -1   0   1  -2  -1   4  -3   1  -1  -1  -1  -1  -1  -2  -1  -2  -2  -2   0  -1  -2  -3  -1  -1   0   2  -1  -2   1  -2   0  -2  -2  -2  -2  -3  -1  -1  -2  -3  -3  -2  -6  -5  -3  -2   1  -3  -3  -1  -3  -3  -5  -5  -5
I  -1   1  -2  -2   0   5   4   6  10  -2   0   0  -2   0   1   0  -1   1  -1  -2  -1   0   2  -2  -1  -2  -3  -2   0  -1   0  -2  -3  -2   0  -3  -3  -2   1   1  -1  -3   1  -1   0  -5  -2  -1  -2  -1  -2  -1  -2   0  -2  -1  -3  -4  -1  -3  -2   0   1  -4  -5  -1  -4  -1  -1  -2  -3  -2  -1  -4  -3  -1  -2  -2  -1   0  -1   0  -1   0  -5  -3   1  -2  -3  -4  -2  -4
J   0   0   2   0   0  -1  -2  -2  -2   6  -1   2   3   0   1  -1   1  -1  -2  -1   0   0   0  -1   0   0  -1  -1   0   0  -1   0   0  -2  -2   1   1   0  -2   1  -1  -3   0   1  -1   0  -1   0   0  -2  -1   0   0  -1  -1   0  -1  -1   0  -1  -1  -1  -1  -1   0  -1  -1  -2  -1  -1   0  -1  -1  -1  -2  -3  -1  -1  -1  -1  -1  -1   0   0  -4   0  -1   0   0   1  -1   0
K  -2  -2  -1   2   0  -1  -1  -1   0  -1  10   4  -1  -2  -2   5   5   0   2  -2  -1  -2   2  -2  -2  -1  -3  -1   1   0  -2   1  -2  -1   0  -4  -2  -2  -1   0  -3  -1  -5  -2  -2   0  -2  -1  -1  -1  -1  -2  -1  -1  -2  -1  -4  -1   0  -1  -2  -2   0  -2  -1   3  -2   2  -3  -2  -2  -2  -2  -2  -1  -5  -3  -3  -3  -2  -1  -1  -1  -2  -1   1  -3   1  -3   0  -4  -3
L  -1   0  -1   2  -1  -2   1   0   0   2   4  10   3   1  -1   0   4  -1   3   0   1  -1  -1  -2  -1  -1  -2  -2  -1  -1   0  -1   0   1  -1   0   0  -1   2   2  -4   2  -2  -1  -2   1  -1  -3  -1  -1   0  -2  -3   3  -3  -3  -3  -3  -2  -3   0  -4   0  -4  -3  -2   0  -1  -3  -2  -2  -2  -2   0  -1  -2   0  -1  -2   4  -2   0  -4  -2   0   0   0   2  -1  -1  -5  -3
M  -2  -2  -1  -1  -3  -2  -3   4  -2   3  -1   3  11  -3   0   2   0   0  -2   0  -1   2   1  -2  -2  -2  -3  -2  -1  -2  -3  -2  -2  -5  -2  -2  -1  -2   0  -2  -6  -2  -7  -4  -5  -1  -2  -2  -2   0  -1  -3  -2   0  -1  -3  -2  -3  -3  -3  -1  -3   1  -4  -3  -2  -2  -5  -2  -3  -3  -2  -3  -4  -3  -5  -4  -3  -2  -2  -4  -2  -4  -1  -3  -5  -4  -3  -3  -3  -2  -3
N  -2  -1  -1  -1   2   1   5   2   0   0  -2   1  -3  10  -2   0   0   4   6   2   0  -1  -2  -1  -1  -1  -1  -2  -1  -4  -2  -1  -2  -2  -4   0   1  -1  -4  -2  -2  -1  -4  -1   0  -3  -1  -1  -1  -1   2   1   1  -1  -1   0  -2   1  -2   0  -2  -3  -4  -1  -1  -2  -2  -4   0  -1  -3  -2   0   1  -3   0  -1   0  -1   1  -4   0   0   0  -1  -1   0  -1   0  -1  -1   1
O   1   1   0   0  -1   0  -2  -2   1   1  -2  -1   0  -2   7   0  -1   0  -2   0   2   3   3  -1  -1   0  -1  -1   0   2  -1  -1  -1  -4  -1   0   1   0  -3   0   0  -1  -1   2   0  -4   0  -1   0   0  -2  -1  -1  -1  -1  -1  -2  -1  -2   0   1   0   1   1  -2   1  -3  -1   1  -1  -2  -1  -1   0   0  -2  -2  -1   0  -1  -3   0   0   0  -3  -2   1  -1  -1  -1   0  -2
P  -2  -2  -1   0  -1  -2  -2   0   0  -1   5   0   2   0   0  10   5   3   1   0   3   0   3  -1  -1  -1  -1  -2  -1  -3  -1   0   0   2   0  -2   0   0   0   0  -1  -6  -2  -2   0   0  -1  -1  -1   0   1  -1   1  -1  -1   0  -1  -1  -2   2  -3   0  -1   1   1   0  -2  -3  -2  -1  -1  -1  -1   1  -1  -1   0  -1  -1   1  -3  -1  -1  -2  -1   0   1  -3  -6  -1  -5   0
Q  -2   0  -2  -2  -2  -1   0  -2  -1   1   5   4   0   0  -1   5  10  -1   5   3   4   1   1  -1  -2  -1  -1  -2   0  -4  -2   1   2  -3   0   0   1   1  -2  -2   0  -3  -4   1  -4   3  -1  -1  -1  -2  -1   0   1   0  -2   0   1  -1   1  -2  -2  -3 -12  -1  -4   0   1   0  -2  -2  -1  -2   0  -1   0  -3  -1   0  -1   3  -3   0   2  -1   1  -1  -4   2   1  -1  -2  -2
R  -1  -2  -1   1  -1   0  -1   0   1  -1   0  -1   0   4   0   3  -1  11   3   5   0   1   4  -1   0   0  -1  -1   2   1   0   1   1  -4  -1  -1   3   1  -1   2  -6  -5 -13   0   0   3  -1  -1  -1   0   0  -2   2  -2  -1  -2  -2  -1   1  -2   0  -1  -1   1  -3  -1  -4   1   3  -2  -2  -1  -2  -2  -3   1   0  -1   0   0  -5   3   1   1  -2  -3   1   0  -6   4   0  -3
S  -3  -1  -2  -1  -2   0   0   2  -1  -2   2   3  -2   6  -2   1   5   3  12   7   0   2   0  -1   0  -1  -2  -1   0  -3   0   0  -1  -5  -1  -1   0  -1  -2  -3  -1  -4   0  -5   0  -4  -2  -1  -1   0   0  -1   0  -2  -1  -2   1   0  -1   1  -1  -1   0  -1  -2  -3  -1  -3   3  -2  -2  -1   1   0  -1  -3  -1  -3  -3   1  -5   1  -1   0  -1  -1  -2  -4  -4  -4  -5   0
T   0   0   0  -1  -4  -2  -2  -1  -2  -1  -2   0   0   2   0   0   3   5   7  10   1   6   0  -1   0   0   0   0   2  -3   0   3   1  -2  -1   0  -3  -2  -1  -1  -4  -3   0  -3  -1   3   0   0  -1   1   1  -1   2  -1   0  -2   1  -2  -2   0   1  -1  -2  -1  -2   3  -1   2   0  -1  -1  -2   0   0  -4  -1  -1  -3  -1  -2  -3   1   0  -2  -5  -2  -2  -1  -2  -1  -3  -2
U   0   0   0   0  -1  -1  -1  -1  -1   0  -1   1  -1   0   2   3   4   0   0   1   8   2   2  -1  -1   0   0  -1  -1   0  -2   0   1  -1  -1   1   0   0   0  -2   0   0   0  -1   0  -2  -1   0   0  -1   0  -1   0   0  -1   1   0  -2   0  -1  -2   1  -2   2  -2  -2  -3  -3   0  -1  -1   0   0  -1  -2  -1  -3   1   0   0  -1   0  -1  -1  -2  -2   0  -1  -1   0  -1  -1
V  -1  -1  -1   0  -2  -1   0   0   0   0  -2  -1   2  -1   3   0   1   1   2   6   2   9  -1  -1   0   0   1   0  -2  -3  -2  -2  -1   0  -2  -3  -1  -2  -4   0   0  -3  -1  -1  -4   0  -1   0   0  -1  -2   0  -1  -1   0  -1  -1  -1   0   1   1  -1   1  -1   0  -2  -1  -2   0  -1  -1  -1  -1   0  -2   0  -1  -2  -1   1  -2  -1   0  -2  -3  -1  -1  -4  -2  -1  -1  -2
W  -2  -1  -1  -1   0   0  -1   0   2   0   2  -1   1  -2   3   3   1   4   0   0   2  -1   9  -1   0  -1   0   0   2   0  -1  -1   0  -3   0   0  -2   0  -1   1  -2   0   0   2   0   1  -1  -1   0   0  -1  -1  -2  -1  -3   0  -1  -2   2   1   0   1  -1   0   3   1  -3   0  -1  -2  -2  -1   0  -2  -1  -1  -3  -1  -1  -1  -1   0   0  -1  -5   0   1  -1  -1  -2  -2  -2
X  -1  -1  -1  -1  -1  -1  -1  -1  -2  -1  -2  -2  -2  -1  -1  -1  -1  -1  -1  -1  -1  -1  -1   2   1   1   1   0   0   0  -1   0   0  -2  -1   0  -1   1  -1  -1   0  -1   0   0  -1  -1   0   0   0   0  -1   0  -1  -1  -1   0  -1  -2   0  -1   0  -1  -2   1  -1   0  -1  -1  -1  -1  -1  -1  -1  -1  -1  -1  -2  -2  -1  -2  -3  -1   0   0  -1   0   0   0   0   0   1  -1
Y  -1  -1  -1  -1   0  -1  -1  -1  -1   0  -2  -1  -2  -1  -1  -1  -2   0   0   0  -1   0   0   1   5   0   2   3   3   0   0   1   0  -1  -1   0   0   1  -1   0  -1  -1  -1   0   0   0  -1  -1   0  -1  -1   0  -1  -1  -1  -1   0  -3  -1   0   0  -1  -1   1  -2  -1  -2  -1  -1  -1  -1  -1  -1  -1  -1  -1  -2  -2  -1  -3  -4   0  -2   0  -2   0   0  -1   0  -2  -1  -2
Z  -1  -1  -1   0  -1  -1  -1  -1  -2   0  -1  -1  -2  -1   0  -1  -1   0  -1   0   0   0  -1   1   0   3   2   0   0   0   0   0   2  -1   0   0   0   0   0   0  -1   0   0  -1   0  -1   0   0   0   0  -1   0  -1  -1   0   0  -1  -1   0  -1   0  -1  -1   1   0   0  -1  -1  -1  -1  -1   0  -1  -1  -1   0  -1  -1  -1  -2  -2  -1   0   0  -1   0  -1   0   0   0   1  -1
a  -1  -1  -1  -1   0  -2   0   0  -3  -1  -3  -2  -3  -1  -1  -1  -1  -1  -2   0   0   1   0   1   2   2   7   4   2   0   0   0   1   4   2   0  -1   1   1   2  -2  -1   0   0  -1  -1   0   0   0  -1  -1  -1   0  -1  -1  -1   1  -2   0   0   1  -1  -3   1   1   0  -2  -2  -1  -1   0  -1  -1   0   1   1  -1   1   0  -1  -4  -1   1   0  -1   2   0   2   2   1   2   0
b  -2  -1  -2  -1  -2  -1  -2  -1  -2  -1  -1  -2  -2  -2  -1  -2  -2  -1  -1   0  -1   0   0   0   3   0   4   9   6   5   0   1  -1   2   0  -2   2   0   1  -2   0  -1   2  -3  -1   0  -1  -2  -1  -2  -1  -1  -1  -1   0  -2  -2  -1  -1  -1  -1  -2  -2   0  -2  -2  -4  -2  -1  -1  -2  -1  -2  -2  -1  -1  -3  -4   0  -5  -2   0  -2   0  -1  -1  -5  -2   0  -2   2   0
c  -1   0  -1  -1  -1  -2   0  -1   0   0   1  -1  -1  -1   0  -1   0   2   0   2  -1  -2   2   0   3   0   2   6   9   6   2   6   0  -1   2   0   2   2  -1   2  -4  -2  -2   1   1   3   0   0   0   0  -1   0   0   1   0   0   0  -2   0   0   1   1  -3   0  -1  -2  -1  -2   1  -1   0  -1  -1   0   0   0  -1  -2   1  -5  -2   0   0  -1  -4  -1   0  -2   1  -3   0  -1
d   0  -1  -1  -1   0  -1  -2  -2  -1   0   0  -1  -2  -4   2  -3  -4   1  -3  -3   0  -3   0   0   0   0   0   5   6  11   5   6   1   0  -1   2   7   1  -2   0   2   1   4   0  -1   1   0   0   0   1  -1  -1  -2  -3   0   0  -1  -1  -2  -2   2  -2  -4   1   0  -1  -1  -1   1  -1   0  -1  -1   0   1  -2   0  -1   0  -6  -2   0   1  -2  -8  -2   0   0   0   1   1  -2
e  -1   0  -1  -1  -1   0   0  -2   0  -1  -2   0  -3  -2  -1  -1  -2   0   0   0  -2  -2  -1  -1   0   0   0   0   2   5  11   6   2  -1   0   4   4   0  -2   1   0   2  -1   0   0   2   0   0   0  -1  -1  -1   0   0   1  -1   0  -1  -3   0   1  -1   2   1   2  -4   2  -3  -2  -1  -1   0  -1  -1   0   0   0  -2  -1  -4  -2  -2   1  -3  -2  -2  -3  -2  -2  -1  -1  -2
f   0   1   0   0   1   0   0  -2  -2   0   1  -1  -2  -1  -1   0   1   1   0   3   0  -2  -1   0   1   0   0   1   6   6   6  10   2  -1  -1   2   3   2  -1   0  -2   2  -3   0   1   3   0   0   0   0   1   0  -2  -1  -2  -1   0  -5  -3   2   2  -2  -6   2   1   0  -2   0   2   0   0   0  -1   0   1   0  -2   0   0  -4   1   0   1  -5  -2  -1  -2   0   0   1   1  -1
g  -1  -1  -1   0  -1  -1  -2  -1  -3   0  -2   0  -2  -2  -1   0   2   1  -1   1   1  -1   0   0   0   2   1  -1   0   1   2   2   8  -2   4   3   2   2  -2   1  -2   0   1   0   3  -1   0   0   0   0   0  -1   1  -1   0  -1   1  -2   0  -2   1  -2  -4   1   0   0   0  -3   0  -1  -1   0  -1  -1  -1   0  -1  -1  -1  -1  -2   0   1   1   0   0  -1   2   0  -1   1   0
h  -2  -3  -1  -1  -2  -2  -1  -2  -2  -2  -1   1  -5  -2  -4   2  -3  -4  -5  -2  -1   0  -3  -2  -1  -1   4   2  -1   0  -1  -1  -2  13   4  -3   0   2   7   5  -3  -1  -3   1  -5   3  -2  -3  -2  -2  -1  -3  -2   1   0  -3   0  -3  -3  -3  -1  -3 -14  -2  -5  -2  -6  -7  -3  -2  -2  -3  -5  -4   0  -5   0  -1  -3  -3  -2  -3  -4   1  -2  -2  -3  -6  -2   1  -4   1
i  -2  -2  -2  -1  -1  -3  -3  -1   0  -2   0  -1  -2  -4  -1   0   0  -1  -1  -1  -1  -2   0  -1  -1   0   2   0   2  -1   0  -1   4   4  12   5   4  -1   2   4  -7   6  -2  -1  -2  -3  -2  -1  -2  -1  -3  -3  -1  -2  -2  -2  -3  -4   2  -5  -1   0  -5  -2  -6  -4  -2  -7   0  -2  -3  -2  -1  -1   2  -1  -1  -1   1  -6   0   1  -3   0   0  -2   1  -2  -5  -1   2   1
j   0   0   1   0   0   0   1  -2  -3   1  -4   0  -2   0   0  -2   0  -1  -1   0   1  -3   0   0   0   0   0  -2   0   2   4   2   3  -3   5  10   0   1  -3   1  -7  -1   1   1   5   1   0   0   0   1  -1   0   0   0   0   1   1  -3   0   1   0   0  -4  -2   3  -3   0   0   2  -1   0  -1  -1  -2  -1   0  -1   1  -1   0  -1  -2   3  -2   2   1   0   4   0  -1  -1   1
k  -2  -1  -1  -2  -2  -3   0   0  -3   1  -2   0  -1   1   1   0   1   3   0  -3   0  -1  -2  -1   0   0  -1   2   2   7   4   3   2   0   4   0  11   2   3   2   4   7   0   0   3   0   0   0   0  -1   0  -1   0  -1   0  -2   2  -1   0  -3   1  -1  -5   2  -2  -4   1   0  -1  -1   0  -1   0   0   0  -4  -1  -2   0   0  -2   1  -1   0  -2  -1   0   1  -4  -2   1  -1
l  -1  -1  -1   0  -1  -1   0  -1  -2   0  -2  -1  -2  -1   0   0   1   1  -1  -2   0  -2   0   1   1   0   1   0   2   1   0   2   2   2  -1   1   2   8   1   3  -3  -1   0   4   3   4  -1  -1   0  -1  -1   0   0  -1   0   0   0  -2  -1   0   2   0  -2   2  -1   0   0  -2   1  -1  -1  -1  -1   1   0   0  -2  -2   1  -1  -1   1   0   0  -1   2   4   0   0  -1   0  -1
m  -1  -1  -1  -1  -1  -1   1   0   1  -2  -1   2   0  -4  -3   0  -2  -1  -2  -1   0  -4  -1  -1  -1   0   1   1  -1  -2  -2  -1  -2   7   2  -3   3   1  11   4   4   5  -1   4   1   3  -2  -2  -1  -2  -2  -2   0   1  -1  -2   0  -1   0   2  -4  -1   0   0  -2   1  -1  -6   1  -2  -1  -2  -3  -1   0  -6  -2  -2  -3   0  -1  -2  -4   1  -4  -1   0  -2  -1  -1  -3  -2
n  -1   0   0  -1  -1  -1  -1   1   1   1   0   2  -2  -2   0   0  -2   2  -3  -1  -2   0   1  -1   0   0   2  -2   2   0   1   0   1   5   4   1   2   3   4  13  -6   8   6   7   5  -3  -1  -1  -1  -4  -1  -2  -4  -1  -3   0  -3   0  -1   1  -2   1   2   0  -1  -7   0  -1  -3  -1  -2  -2  -4  -2   0  -1  -3  -2   0  -9   1  -1   2   3  -2   6  -2   2  -3  -1   1   0
o   0  -2   0   0   1  -2  -3  -2  -1  -1  -3  -4  -6  -2   0  -1   0  -6  -1  -4   0   0  -2   0  -1  -1  -2   0  -4   2   0  -2  -2  -3  -7  -7   4  -3   4  -6  13   4   6  -2   2   5  -1   1  -1  -3  -2  -1  -3   0  -4   0   1  -5  -4  -2  -2   2  -4   5   0   4  -3  -2   4   0   0  -1  -3  -1   1   1  -3  -1  -3   2   2  -1   1   0  -1  -6  -3  -1  -6   3  -2  -2
p  -3  -2  -2  -1  -3  -3   0  -1  -3  -3  -1   2  -2  -1  -1  -6  -3  -5  -4  -3   0  -3   0  -1  -1   0  -1  -1  -2   1   2   2   0  -1   6  -1   7  -1   5   8   4  14   9   1   5   1  -1  -2  -1  -2  -1  -2  -2  -1   0  -2  -7  -1   3  -1  -5  -2   0  -3   0 -14  -3 -14   2  -2  -1  -4  -3  -4   0  -4  -4   4   0  -5  -2   0  -5  -1   0   0  -3  -5   4  -1   1  -4
q  -1  -2  -1   0   1  -1   0   4   1   0  -5  -2  -7  -4  -1  -2  -4 -13   0   0   0  -1   0   0  -1   0   0   2  -2   4  -1  -3   1  -3  -2   1   0   0  -1   6   6   9  13   1   9  -4   0  -1  -1  -2  -1   1  -3  -2   1   0  -4  -4  -2  -8   0  -1  -3   0  -5  -1  -7  -1  -3   0   0  -1  -3  -1   0   0  -4  -3  -5 -14  -4   3  -2  -1 -14  -2   0   0  -3  -3  -3 -10
r   0  -1   0   0   0   0   0  -3  -1   1  -2  -1  -4  -1   2  -2   1   0  -5  -3  -1  -1   2   0   0  -1   0  -3   1   0   0   0   0   1  -1   1   0   4   4   7  -2   1   1  11   4   2  -1  -1   0   0  -2  -1  -3  -2  -2   2  -1  -2  -2  -1  -2  -1   2   1   1  -4  -2  -3   0  -1   0  -2  -3  -3  -3   1  -2   0   1  -7   0   0   1   0  -7   3   0   4  -1  -2  -1  -6
s  -1   0   0   1   0   2   1   1   0  -1  -2  -2  -5   0   0   0  -4   0   0  -1   0  -4   0  -1   0   0  -1  -1   1  -1   0   1   3  -5  -2   5   3   3   1   5   2   5   9   4  13   0  -1  -1  -1  -1   0   0  -2  -2  -1   1  -6  -3  -2  -2  -1  -1  -4  -3  -3  -1  -2   0   1  -1   0   0  -3  -2  -1  -1  -1   0  -2  -5  -4  -3   3  -3  -1  -3   4   3  -8   0  -3  -1
t  -2  -3  -1  -1  -1   0  -2  -1  -5   0   0   1  -1  -3  -4   0   3   3  -4   3  -2   0   1  -1   0  -1  -1   0   3   1   2   3  -1   3  -3   1   0   4   3  -3   5   1  -4   2   0  12  -1  -1  -2  -1  -2  -2   0   0   1  -3   0   1  -1  -2  -2  -1  -4  -1   1   1   0   1  -1  -1  -1  -2  -4  -4  -2   0  -3   0   0   2   1   1  -3  -1  -1  -1  -2   0  -1   0  -1   0
u  -1  -1  -1  -1  -1  -1  -1  -1  -2  -1  -2  -1  -2  -1   0  -1  -1  -1  -2   0  -1  -1  -1   0  -1   0   0  -1   0   0   0   0   0  -2  -2   0   0  -1  -2  -1  -1  -1   0  -1  -1  -1   2   1   1   0   0   0  -1  -1  -1   0  -1  -2  -1  -1   1   0  -1   0  -2  -1  -1  -1   0  -1  -1  -1  -1   0  -1  -1  -1  -1  -1  -1  -2  -1   0  -1  -1   0   0   0  -1  -1   0  -1
v  -1  -1  -1   0   0  -1  -1  -1  -1   0  -1  -3  -2  -1  -1  -1  -1  -1  -1   0   0   0  -1   0  -1   0   0  -2   0   0   0   0   0  -3  -1   0   0  -1  -2  -1   1  -2  -1  -1  -1  -1   1   4   0   1   1   2   0  -1   0   0  -1  -1   0   0   1   0  -1   1  -1   0  -2  -1   0  -1  -1  -1  -1   0  -1  -1  -2  -1  -1  -2  -3  -2  -1  -1  -2   1  -1   0   0  -1  -1  -2
w  -1  -1  -1   0  -1  -1  -1  -1  -2   0  -1  -1  -2  -1   0  -1  -1  -1  -1  -1   0   0   0   0   0   0   0  -1   0   0   0   0   0  -2  -2   0   0   0  -1  -1  -1  -1  -1   0  -1  -2   1   0   3   1   0   0   0  -1  -1   2   0  -1   0   0   0   0  -1   1  -1  -1  -1  -1   0  -1   0  -1  -1  -1  -1   0  -1  -1  -1  -1  -1  -1   0   0  -1  -1  -1   0  -1   0   0  -1
x   0  -1  -1  -1  -1  -1  -2  -1  -1  -2  -1  -1   0  -1   0   0  -2   0   0   1  -1  -1   0   0  -1   0  -1  -2   0   1  -1   0   0  -2  -1   1  -1  -1  -2  -4  -3  -2  -2   0  -1  -1   0   1   1   7   3   0   1   0  -1   1   4   1  -1  -1   0   1  -1   0   0   0  -1   0  -1  -1  -1  -1  -2  -1  -1  -1  -2  -1  -2  -1  -2  -1   2   0  -1  -1   0   1  -1   0   0   0
y  -1  -1  -1  -1  -1  -1  -1  -2  -2  -1  -1   0  -1   2  -2   1  -1   0   0   1   0  -2  -1  -1  -1  -1  -1  -1  -1  -1  -1   1   0  -1  -3  -1   0  -1  -2  -1  -2  -1  -1  -2   0  -2   0   1   0   3   8   3   4   0   0   0   1   0  -1   2  -1   0   0   0  -2  -1  -2  -2  -1  -1  -1  -1  -1   1   0  -1  -1  -2  -1   0  -2  -2  -1   0   0  -1   0   1  -1  -1  -1   0
z  -1  -1   0   0  -1  -1   0  -1  -1   0  -2  -2  -3   1  -1  -1   0  -2  -1  -1  -1   0  -1   0   0   0  -1  -1   0  -1  -1   0  -1  -3  -3   0  -1   0  -2  -2  -1  -2   1  -1   0  -2   0   2   0   0   3   6   3   0   4   0   0  -2  -1   0   0  -1  -1  -1  -1  -1  -2  -3   0  -1  -1   0  -1  -1  -2  -2  -2  -2   0  -3  -3  -2   0  -1  -2  -2   0  -1  -1  -3  -1  -1
0  -2  -2   0   0  -1  -2  -1  -2  -2   0  -1  -3  -2   1  -1   1   1   2   0   2   0  -1  -2  -1  -1  -1   0  -1   0  -2   0  -2   1  -2  -1   0   0   0   0  -4  -3  -2  -3  -3  -2   0  -1   0   0   1   4   3  10   4   4   0   2  -1  -1   5  -1   2  -3   0  -4  -2  -4  -4  -1  -1  -1  -1   0   0  -1   0  -3   0  -1  -2  -3  -3  -1  -1   0  -1   2   1  -1  -2  -1  -1
1  -2  -1  -1  -1  -2  -2  -1  -2   0  -1  -1   3   0  -1  -1  -1   0  -2  -2  -1   0  -1  -1  -1  -1  -1  -1  -1   1  -3   0  -1  -1   1  -2   0  -1  -1   1  -1   0  -1  -2  -2  -2   0  -1  -1  -1   0   0   0   4   9   4   0   0   0   3   3  -1   0   0  -2  -2  -1   0  -1   2  -1  -2  -1  -2   0  -2   0  -3  -2  -1  -1  -1   0  -4  -2  -3  -1  -2  -4  -2   0  -1  -2
2  -1   0  -1   0  -2  -1  -1  -2  -2  -1  -2  -3  -1  -1  -1  -1  -2  -1  -1   0  -1   0  -3  -1  -1   0  -1   0   0   0   1  -2   0   0  -2   0   0   0  -1  -3  -4   0   1  -2  -1   1  -1   0  -1  -1   0   4   4   4   9   0   1  -3  -2  -1  -1   0   0   0  -3  -2   0  -3   2  -2  -2   0  -2  -1  -2   1  -2   0  -1  -3  -1   0  -1  -2  -3   1   0  -1   1  -3  -1  -2
3  -1  -1   0  -1   0  -1  -1   0  -1   0  -1  -3  -3   0  -1   0   0  -2  -2  -2   1  -1   0   0  -1   0  -1  -2   0   0  -1  -1  -1  -3  -2   1  -2   0  -2   0   0  -2   0   2   1  -3   0   0   2   1   0   0   0   0   0   7  -1   3   2   0   2   0  -3   0  -2   1  -1   2   0  -1  -1  -2  -2  -1  -2   0  -1  -1   0  -3   0  -1   1  -1  -5  -2  -1   1   1   0   0  -3
4  -1  -1  -1  -1  -2  -3   0  -1  -3  -1  -4  -3  -2  -2  -2  -1   1  -2   1   1   0  -1  -1  -1   0  -1   1  -2   0  -1   0   0   1   0  -3   1   2   0   0  -3   1  -7  -4  -1  -6   0  -1  -1   0   4   1   0   2   0   1  -1   9   1   0   2   0   5   3  -2   1   1   0  -1   0  -2  -1   0   0  -1  -2  -1  -1  -2  -1   1  -2   1   0  -1  -2   0  -1  -1   0  -4   0   0
5  -2  -3  -1  -2  -4  -3   0  -2  -4  -1  -1  -3  -3   1  -1  -1  -1  -1   0  -2  -2  -1  -2  -2  -3  -1  -2  -1  -2  -1  -1  -5  -2  -3  -4  -3  -1  -2  -1   0  -5  -1  -4  -2  -3   1  -2  -1  -1   1   0  -2  -1   0  -3   3   1  11   5  -1  -1   1   3  -3   2  -3  -1  -1   0  -2  -3  -2  -1  -2  -2  -2  -6  -5  -2   1  -3  -2  -2  -2  -2   0  -2  -1   0  -1  -1  -3
6  -1  -1  -1   0  -1  -1  -2  -3  -1   0   0  -2  -3  -2  -2  -2   1   1  -1  -2   0   0   2   0  -1   0   0  -1   0  -2  -3  -3   0  -3   2   0   0  -1   0  -1  -4   3  -2  -2  -2  -1  -1   0   0  -1  -1  -1  -1   3  -2   2   0   5   9  -1  -1   0  -1   1   2   1  -1   3  -1  -1  -2  -1  -3  -2  -1  -1  -4  -1  -1  -2  -2  -1   0  -2  -1   1   0  -2  -1   0   1  -2
7  -1   0  -1  -2   0   0   1  -1  -3  -1  -1  -3  -3   0   0   2  -2  -2   1   0  -1   1   1  -1   0  -1   0  -1   0  -2   0   2  -2  -3  -5   1  -3   0   2   1  -2  -1  -8  -1  -2  -2  -1   0   0  -1   2   0   5   3  -1   0   2  -1  -1  10   0   1   1   5   7   0  -1  -3   1  -1  -1  -1  -2   0   1  -1   0  -2  -1   1  -1  -1  -3   1  -2   3   1  -3  -3   0  -4  -1
8  -1  -1  -1  -1   0  -2  -1  -1  -2  -1  -2   0  -1  -2   1  -3  -2   0  -1   1  -2   1   0   0   0   0   1  -1   1   2   1   2   1  -1  -1   0   1   2  -4  -2  -2  -5   0  -2  -1  -2   1   1   0   0  -1   0  -1  -1  -1   2   0  -1  -1   0   9  -1  -1   2  -3   2   3   4   2  -1  -1   0  -1  -1   0  -1   1   2  -2  -3  -1  -2   2  -1  -5   0   2   1   3  -1   2  -1
9  -1  -1  -1  -2  -2  -2  -2   0   0  -1  -2  -4  -3  -3   0   0  -3  -1  -1  -1   1  -1   1  -1  -1  -1  -1  -2   1  -2  -1  -2  -2  -3   0   0  -1   0  -1   1   2  -2  -1  -1  -1  -1   0   0   0   1   0  -1   2   0   0   0   5   1   0   1  -1   9   6   1  -1  -4   4  -1   3   0  -1  -1   0  -1  -1  -1  -1   0   0  -3  -2   0   0   0   0   1   2   0  -3  -2  -2  -1
~  -1  -2  -2  -1   0   0  -4   2   1  -1   0   0   1  -4   1  -1 -12  -1   0  -2  -2   1  -1  -2  -1  -1  -3  -2  -3  -4   2  -6  -4 -14  -5  -4  -5  -2   0   2  -4   0  -3   2  -4  -4  -1  -1  -1  -1   0  -1  -3   0   0  -3   3   3  -1   1  -1   6  13   0   6   5   6   3   0  -1  -1  -2  -1  -1   0  -1  -3  -3  -3  -4   4   3  -1  -2   0  -3   0   0  -1  -3  -3  -2
!   0  -1  -1   1   1  -3   1  -1  -4  -1  -2  -4  -4  -1   1   1  -1   1  -1  -1   2  -1   0   1   1   1   1   0   0   1   1   2   1  -2  -2  -2   2   2   0   0   5  -3   0   1  -3  -1   0   1   1   0   0  -1   0  -2   0   0  -2  -3   1   5   2   1   0  11   3   6  -1   1   3   0   0   0  -2  -1   0  -4  -4  -2  -1  -3  -4   0  -1   3  -3   1   1  -2  -2   3   1   2
"  -1  -1   0   0  -1  -2  -1  -2  -5   0  -1  -3  -3  -1  -2   1  -4  -3  -2  -2  -2   0   3  -1  -2   0   1  -2  -1   0   2   1   0  -5  -6   3  -2  -1  -2  -1   0   0  -5   1  -3   1  -2  -1  -1   0  -2  -1  -4  -2  -3  -2   1   2   2   7  -3  -1   6   3  12   4   0   0  -2  -1  -1   0  -1  -1  -3   1  -4  -1   0  -4  -2  -2  -3  -1  -3   2  -3  -2  -1  -2  -2  -2
#  -1   0  -1   0   0   0   1   1  -1  -1   3  -2  -2  -2   1   0   0  -1  -3   3  -2  -2   1   0  -1   0   0  -2  -2  -1  -4   0   0  -2  -4  -3  -4   0   1  -7   4 -14  -1  -4  -1   1  -1   0  -1   0  -1  -1  -2  -1  -2   1   1  -3   1   0   2  -4   5   6   4  11   0   9   2  -1  -1  -2  -2  -1   0  -3   0  -3  -2  -4   1   1  -2   0  -2   1  -2   0   0   1   2  -3
$  -2   0  -2  -2  -1  -1  -3  -2  -4  -1  -2   0  -2  -2  -3  -2   1  -4  -1  -1  -3  -1  -3  -1  -2  -1  -2  -4  -1  -1   2  -2   0  -6  -2   0   1   0  -1   0  -3  -3  -7  -2  -2   0  -1  -2  -1  -1  -2  -2  -4   0   0  -1   0  -1  -1  -1   3   4   6  -1   0   0  11   3   2  -2   0  -1   0   0  -2  -3  -1  -4   0   0   4  -4  -2  -2  -3  -3  -1  -4  -5   0  -5   1
%  -2   0  -2   0  -1  -1  -2   0  -1  -2   2  -1  -5  -4  -1  -3   0   1  -3   2  -3  -2   0  -1  -1  -1  -2  -2  -2  -1  -3   0  -3  -7  -7   0   0  -2  -6  -1  -2 -14  -1  -3   0   1  -1  -1  -1   0  -2  -3  -4  -1  -3   2  -1  -1   3  -3   4  -1   3   1   0   9   3  12   1  -2  -2  -2  -3  -5  -2  -2  -1   4  -1  -3   0   1  -3  -2   0  -1  -1  -2  -2  -1   1  -6
&   0  -1   0   0   1  -1  -1  -2  -1  -1  -3  -3  -2   0   1  -2  -2   3   3   0   0   0  -1  -1  -1  -1  -1  -1   1   1  -2   2   0  -3   0   2  -1   1   1  -3   4   2  -3   0   1  -1   0   0   0  -1  -1   0  -1   2   2   0   0   0  -1   1   2   3   0   3  -2   2   2   1  10  -1  -1   0   0   1   0   1  -4  -1   0  -1  -3   2   0  -1  -7   1   2   0  -2  -1   1   0
'  -1  -1  -1  -1  -1  -1  -2  -2  -2  -1  -2  -2  -3  -1  -1  -1  -2  -2  -2  -1  -1  -1  -2  -1  -1  -1  -1  -1  -1  -1  -1   0  -1  -2  -2  -1  -1  -1  -2  -1   0  -2   0  -1  -1  -1  -1  -1  -1  -1  -1  -1  -1  -1  -2  -1  -2  -2  -1  -1  -1   0  -1   0  -1  -1  -2  -2  -1   3   1   1   1   0  -1  -2  -2  -2   0  -2  -1  -1   0   0   0   0  -1   0  -1  -1   0  -2
(  -1  -1  -1  -1  -1  -2  -1  -2  -3   0  -2  -2  -3  -3  -2  -1  -1  -2  -2  -1  -1  -1  -2  -1  -1  -1   0  -2   0   0  -1   0  -1  -2  -3   0   0  -1  -1  -2   0  -1   0   0   0  -1  -1  -1   0  -1  -1  -1  -1  -2  -2  -1  -1  -3  -2  -1  -1  -1  -1   0  -1  -1   0  -2  -1   1   5   0   2   2   3  -1  -2   0  -1  -1  -1  -1  -1   1  -1  -1  -2  -1  -2   0   1   0
)  -1  -1  -1  -1  -1  -1  -1  -2  -2  -1  -2  -2  -2  -2  -1  -1  -2  -1  -1  -2   0  -1  -1  -1  -1   0  -1  -1  -1  -1   0   0   0  -3  -2  -1  -1  -1  -2  -2  -1  -4  -1  -2   0  -2  -1  -1  -1  -1  -1   0  -1  -1   0  -2   0  -2  -1  -1   0  -1  -2   0   0  -2  -1  -2   0   1   0   4   2   0  -1  -2  -1  -2   2  -2   1  -1  -1   0  -1   1   0   0  -1   0   0  -1
*  -2  -1  -1  -2  -1  -2  -1  -3  -1  -1  -2  -2  -3   0  -1  -1   0  -2   1   0   0  -1   0  -1  -1  -1  -1  -2  -1  -1  -1  -1  -1  -5  -1  -1   0  -1  -3  -4  -3  -3  -3  -3  -3  -4  -1  -1  -1  -2  -1  -1   0  -2  -2  -2   0  -1  -3  -2  -1   0  -1  -2  -1  -2   0  -3   0   1   2   2   8   4   1  -2   0  -1   1   4   3  -1  -2   2   1   0  -2  -1  -3   0  -1   0
+  -1  -1  -1  -2   1   0  -3  -1  -4  -1  -2   0  -4   1   0   1  -1  -2   0   0  -1   0  -2  -1  -1  -1   0  -2   0   0  -1   0  -1  -4  -1  -2   0   1  -1  -2  -1  -4  -1  -3  -2  -4   0   0  -1  -1   1  -1   0   0  -1  -1  -1  -2  -2   0  -1  -1  -1  -1  -1  -1   0  -5   1   0   2   0   4   9   5   5   1   3   0   4   0  -1   1   0   3   0   0  -4  -1  -1  -1  -1
,  -2  -2  -1  -1  -2  -3  -2  -1  -3  -2  -1  -1  -3  -3   0  -1   0  -3  -1  -4  -2  -2  -1  -1  -1  -1   1  -1   0   1   0   1  -1   0   2  -1   0   0   0   0   1   0   0  -3  -1  -2  -1  -1  -1  -1   0  -2  -1  -2  -2  -2  -2  -2  -1   1   0  -1   0   0  -3   0  -2  -2   0  -1   3  -1   1   5   8   4   1   5   0   0   0  -1   1   1  -1  -2   0   0  -2   0   0   0
.  -1  -1  -1   0  -2  -1  -2  -2  -1  -3  -5  -2  -5   0  -2  -1  -3   1  -3  -1  -1   0  -1  -1  -1   0   1  -1   0  -2   0   0   0  -5  -1   0  -4   0  -6  -1   1  -4   0   1  -1   0  -1  -1   0  -1  -1  -2   0   0   1   0  -1  -2  -1  -1  -1  -1  -1  -4   1  -3  -3  -2   1  -2  -1  -2  -2   5   4  10   4   5   1  -2  -3   0   5  -1  -1   0   2   1   3  -2   0  -5
/  -2  -2  -2  -2  -3  -4  -2  -3  -2  -1  -3   0  -4  -1  -2   0  -1   0  -1  -1  -3  -1  -3  -2  -2  -1  -1  -3  -1   0   0  -2  -1   0  -1  -1  -1  -2  -2  -3  -3  -4  -4  -2  -1  -3  -1  -2  -1  -2  -1  -2  -3  -3  -2  -1  -1  -6  -4   0   1  -1  -3  -4  -4   0  -1  -1  -4  -2  -2  -1   0   1   1   4  11   6   0  -7   1   4   4  -1  -5  -1   1   3   4  -1  -1   1
:  -1  -1  -1  -1  -2   0  -1  -3  -2  -1  -3  -1  -3   0  -1  -1   0  -1  -3  -3   1  -2  -1  -2  -2  -1   1  -4  -2  -1  -2   0  -1  -1  -1   1  -2  -2  -2  -2  -1   4  -3   0   0   0  -1  -1  -1  -1  -2  -2   0  -2   0  -1  -2  -5  -1  -2   2   0  -3  -2  -1  -3  -4   4  -1  -2   0  -2  -1   3   5   5   6  11   0  -3   0  -1   1   1  -2   0   1   3   4  -3   0   4
;  -1  -1  -1  -1   0  -1   0  -2  -1  -1  -3  -2  -2  -1   0  -1  -1   0  -3  -1   0  -1  -1  -1  -1  -1   0   0   1   0  -1   0  -1  -3   1  -1   0   1  -3   0  -3   0  -5   1  -2   0  -1  -1  -1  -2  -1   0  -1  -1  -1   0  -1  -2  -1  -1  -2   0  -3  -1   0  -2   0  -1   0   0  -1   2   1   0   0   1   0   0   8  -1   4   4   1   2  -4   2   1  -2  -1  -1   2   1
<  -2  -3  -1  -3   1  -5  -1  -6   0  -1  -2   4  -2   1  -1   1   3   0   1  -2   0   1  -1  -2  -3  -2  -1  -5  -5  -6  -4  -4  -1  -3  -6   0   0  -1   0  -9   2  -5 -14  -7  -5   2  -1  -2  -1  -1   0  -3  -2  -1  -3  -3   1   1  -2   1  -3  -3  -4  -3  -4  -4   0  -3  -1  -2  -1  -2   4   4   0  -2  -7  -3  -1  12   4  -2   0  -3   7   5   0  -3  -6  -3  -4   0
=  -2  -2  -1  -3   0  -1  -3  -5  -1  -1  -1  -2  -4  -4  -3  -3  -3  -5  -5  -3  -1  -2  -1  -3  -4  -2  -4  -2  -2  -2  -2   1  -2  -2   0  -1  -2  -1  -1   1   2  -2  -4   0  -4   1  -2  -3  -1  -2  -2  -3  -3  -1  -1   0  -2  -3  -2  -1  -1  -2   4  -4  -2   1   4   0  -3  -1  -1   1   3   0   0  -3   1   0   4   4  12   5  -1  -1  -1   0  -4  -1  -3  -4  -1   1
>  -2  -1  -1   0  -2  -2  -4  -3   0  -1  -1   0  -2   0   0  -1   0   3   1   1   0  -1   0  -1   0  -1  -1   0   0   0  -2   0   0  -3   1  -2   1   1  -2  -1  -1   0   3   0  -3   1  -1  -2  -1  -1  -2  -2  -3   0   0  -1   1  -2  -1  -1  -2   0   3   0  -2   1  -4   1   2  -1  -1  -1  -1  -1  -1   0   4  -1   4  -2   5   9   2   0  -2   1  -1  -2  -1   0   2   2
?  -1   0  -1   1   0  -2  -1  -2  -1   0  -1  -4  -4   0   0  -1   2   1  -1   0  -1   0   0   0  -2   0   1  -2   0   1   1   1   1  -4  -3   3  -1   0  -4   2   1  -5  -2   1   3  -3   0  -1   0   2  -1   0  -1  -4  -1   1   0  -2   0  -3   2   0  -1  -1  -3  -2  -2  -3   0   0  -1  -1  -2   1   1   5   4   1   1   0  -1   2  11  -1   2   2   6   7   5   0   3  -3
@   0  -1  -1  -1   0  -1   1   1   0   0  -2  -2  -1   0   0  -2  -1   1   0  -2  -1  -2  -1   0   0   0   0   0  -1  -2  -3  -5   1   1   0  -2   0   0   1   3   0  -1  -1   0  -3  -1  -1  -1   0   0   0  -1  -1  -2  -2  -1  -1  -2  -2   1  -1   0  -2   3  -1   0  -2  -2  -1   0   1   0   2   0   1  -1  -1   1   2  -3  -1   0  -1   9  -2   1   3  -1   0   4   4   3
[  -2  -2  -1   0  -2   0  -1  -3  -5  -4  -1   0  -3  -1  -3  -1   1  -2  -1  -5  -2  -3  -5  -1  -2  -1  -1  -1  -4  -8  -2  -2   0  -2   0   2  -2  -1  -4  -2  -1   0 -14  -7  -1  -1  -1  -2  -1  -1   0  -2   0  -3  -3  -5  -2  -2  -1  -2  -5   0   0  -3  -3  -2  -3   0  -7   0  -1  -1   1   3  -1  -1  -5  -2  -4   7  -1  -2   2  -2  12   4   4  -4   0   5   0   5
\  -2  -1  -2   0  -2  -2  -1  -3  -3   0   1   0  -5  -1  -2   0  -1  -3  -1  -2  -2  -1   0   0   0   0   2  -1  -1  -2  -2  -1   0  -2  -2   1  -1   2  -1   6  -6   0  -2   3  -3  -1   0   1  -1  -1  -1  -2  -1  -1   1  -2   0   0   1   3   0   1  -3   1   2   1  -3  -1   1   0  -1   1   0   0  -2   0  -1   0   2   5   0   1   2   1   4  12   3   5   7   5   4  -1
]  -1  -1  -2  -1   0   0   1  -1   1  -1  -3   0  -4   0   1   1  -4   1  -2  -2   0  -1   1   0   0  -1   0  -5   0   0  -3  -2  -1  -3   1   0   0   4   0  -2  -3  -3   0   0   4  -2   0  -1  -1   0   0   0   2  -2   0  -1  -1  -2   0   1   2   2   0   1  -3  -2  -1  -1   2  -1  -2   0  -2   0   0   2   1   1   1   0  -4  -1   6   3   4   3  11   4   6   1   4   4
^  -1   0   0   0   0  -3  -1  -3  -2   0   1   2  -3  -1  -1  -3   2   0  -4  -1  -1  -4  -1   0  -1   0   2  -2  -2   0  -2   0   2  -6  -2   4   1   0  -2   2  -1  -5   0   4   3   0   0   0   0   1   1  -1   1  -4  -1   1  -1  -1  -2  -3   1   0   0  -2  -2   0  -4  -2   0   0  -1   0  -1  -4   0   1   3   3  -2  -3  -1  -2   7  -1  -4   5   4  11   7   0   3  -4
_  -1  -1  -2  -1   0  -3  -2  -3  -3   0  -3  -1  -3   0  -1  -6   1  -6  -4  -2  -1  -2  -1   0   0   0   2   0   1   0  -2   0   0  -2  -5   0  -4   0  -1  -3  -6   4  -3  -1  -8  -1  -1   0  -1  -1  -1  -1  -1  -2   1   1   0   0  -1  -3   3  -3  -1  -2  -1   0  -5  -2  -2  -1  -2  -1  -3  -1  -2   3   4   4  -1  -6  -3  -1   5   0   0   7   6   7  11   4   8   1
`  -1  -1  -2   0  -2  -1  -2  -5  -4   1   0  -1  -3  -1  -1  -1  -1   4  -4  -1   0  -1  -2   0  -2   0   1  -2  -3   1  -1   1  -1   1  -1  -1  -2  -1  -1  -1   3  -1  -3  -2   0   0  -1  -1   0   0  -1  -3  -2   0  -3   0  -4  -1   0   0  -1  -2  -3   3  -2   1   0  -1  -1  -1   0   0   0  -1   0  -2  -1  -3  -1  -3  -4   0   0   4   5   5   1   0   4  11   4   4
{   0   0  -1   1  -1  -1  -2  -5  -2  -1  -4  -5  -2  -1   0  -5  -2   0  -5  -3  -1  -1  -2   1  -1   1   2   2   0   1  -1   1   1  -4   2  -1   1   0  -3   1  -2   1  -3  -1  -3  -1   0  -1   0   0  -1  -1  -1  -1  -1   0   0  -1   1  -4   2  -2  -3   1  -2   2  -5   1   1   0   1   0  -1  -1   0   0  -1   0   2  -4  -1   2   3   4   0   4   4   3   8   4  10   1
}  -2   0  -1  -1  -1  -1  -2  -5  -4   0  -3  -3  -3   1  -2   0  -2  -3   0  -2  -1  -2  -2  -1  -2  -1   0   0  -1  -2  -2  -1   0   1   1   1  -1  -1  -2   0  -2  -4 -10  -6  -1   0  -1  -2  -1   0   0  -1  -1  -2  -2  -3   0  -3  -2  -1  -1  -1  -2   2  -2  -3   1  -6   0  -2   0  -1   0  -1   0  -5   1   4   1   0   1   2  -3   3   5  -1   4  -4   1   4   1  11
