#    iPARTS2_new_encoded_23C with sequence_matrix lamda 2.3   Date 2016/3/3
    A   B   C   D   E   F   G   H   I   J   K   L   M   N   O   P   Q   R   S   T   U   V   W   X   Y   Z   a   b   c   d   e   f   g   h   i   j   k   l   m   n   o   p   q   r   s   t   u   v   w   x   y   z   0   1   2   3   4   5   6   7   8   9   ~   !   "   #   $   %   &   '   (   )   *   +   ,   .   /   :   ;   <   =   >   ?   @   [   \   ]   ^   _   `   {   }
A   3   1   1  -1  -1   1  -1   0  -3   1  -1  -1  -2  -1  -2  -3   0  -1  -1  -3  -2  -2  -1  -1  -1  -1  -1  -3  -1  -1  -1  -2  -1  -1   0  -1  -1  -2  -2  -1  -2   0  -1  -2  -1  -2  -1  -1  -1  -2  -2  -1  -1  -1  -1  -1  -2  -1  -1  -1  -1  -1  -2  -1  -1  -2  -1  -1  -2  -1  -1  -1  -1  -2  -2  -2  -1  -2  -1  -1  -2  -2  -2  -2   0  -1  -2  -1  -2  -2  -2   0
B   1   8   0   0   1   3   1  -1  -1   2   0  -1  -2   0   0  -2   0  -2   4  -1   1  -1  -1  -1  -1  -1  -1  -4  -1   1  -1  -1  -1  -1   0   0  -3  -1  -3  -1  -1   0   1   0  -1   1  -1  -1  -1  -1  -2  -1  -2  -1  -2  -1  -1  -1  -1  -4  -2  -1   0   0  -2  -1  -1  -2  -1  -1  -2  -1   0   0  -2  -2  -1  -3  -1  -1  -1   0   0  -1  -1  -1  -2  -1  -2  -1   0  -1
C   1   0   4  -1  -1   1  -2   3  -1   1   0   0  -1   1  -1  -1   0   0  -1  -2  -1  -1  -1  -1  -1  -1  -1  -3  -1   0   0  -1  -1   1   0  -1  -2  -2  -1   0   0  -1   0  -1  -1   0  -1  -1  -1  -1  -2  -1   0   0  -1  -1  -1  -2  -2  -1  -1   0  -2  -2   0  -1   0  -2  -2  -1  -1  -1  -1  -2  -1  -1  -1  -1  -1  -1  -2  -2  -2  -2   0  -2  -2  -1  -2  -1  -1  -1
D  -1   0  -1  10   5  -1   6  -1  -2  -1  -1   1  -2   0   0   6   0   0   5   0  -1   4   0  -1   0   0   0  -5   0   1  -2  -2   0   0   0  -2   1  -3   1  -1  -1  -2   2   0  -3   1  -1   0   0   0   1   0  -2  -1  -2  -1  -2  -3  -2   0  -1  -1  -3  -1   1  -1   1   1  -4  -2  -2  -1   0  -1  -1  -1  -1  -1   0  -1  -2   0  -1   2  -1   1   0  -1  -3   0   1  -1
E  -1   1  -1   5  12   3   1   1   4   0   0  -1   5   0   1  -2  -2  -3   5   0   0   3  -1  -1   0  -1  -2  -5   0   1  -1  -2  -1   1   1   0   1  -1  -4   0  -2   1  -1  -1  -3   0  -1  -1  -1  -1   0  -1   0   1  -4  -1  -4  -1  -5  -2   1   0  -2  -2  -1  -2   0   1  -7  -2  -2  -2   0  -2  -1  -3   0   0   0   1  -2   1   2  -7   2  -2   1  -5   1  -1  -2  -1
F   1   3   1  -1   3   7  -2   0   0   0  -2  -1   0   3  -2  -1   0  -1   4  -1   0   0  -1  -1  -1  -1  -1  -4  -1   0   0   0  -1  -1   1   1  -2  -2  -1   0   0  -1  -1   0   0   1  -1  -1  -1   0  -2  -1  -1  -1  -1  -1  -1  -1  -1  -2   0  -1  -2   0   0   0  -1  -1   0  -1  -1  -1  -1  -2  -1  -1  -1  -3  -1   0   0  -3  -2  -1   0   0  -1  -2  -1   0   0   1
G  -1   1  -2   6   1  -2  11  -3  -1  -2  -1  -1   1  -2   4   1  -1  -2   4   6  -1   2   0  -2   0  -2   0  -1  -1  -2  -2   0  -2  -4  -2   1  -3  -1  -2  -1   3  -2  -2  -3  -3  -1  -2  -1  -1  -2  -4  -2  -1  -1  -3  -1  -4  -3  -1  -3  -2  -3  -4   0  -3  -2  -3   0   0  -3  -4  -2   0   1  -4  -3  -2  -4  -2  -2  -3  -8  -1  -1  -3  -5  -4  -3  -5  -6  -1  -3
H   0  -1   3  -1   1   0  -3   7  -1   2   5   1  -1   2   0  -2   0  -1  -2   0   0   0   1  -1  -1   0   1  -2  -1   0   0  -2   0   2   3  -2  -2  -3  -2  -1  -1   0   0   0  -1  -2  -1   0   0   0  -2  -1  -1   0  -1  -1  -1  -1   0  -2  -2   1  -2  -3   0   0  -1  -1  -2  -1  -1  -1  -1  -2  -1  -1  -1   0  -1   0   0  -4  -1   0   1   0  -1  -2  -1  -1  -1  -1
I  -3  -1  -1  -2   4   0  -1  -1  11  -1   0   4   7   6   0   2   1  -2  -1   0   2  -1  -1  -2  -2  -1  -2  -5  -3   0   0  -1  -1  -1  -3  -2  -1  -2  -2  -3  -2  -1  -5   1  -3  -1  -2  -2  -2   0  -1  -1  -1  -1  -3  -1   0  -1  -6  -3  -1  -3   0   4  -2   1  -2  -2   2  -2  -1  -2  -3   0  -2  -2  -4   0  -2  -1   1   0  -2  -2   1  -2  -2  -1   0  -2  -1  -3
J   1   2   1  -1   0   0  -2   2  -1   7  -1   1  -1   0   0  -2   3   0  -1  -1   3   0   3  -1  -1  -1   1  -3  -2   0   0  -3   0   0   1  -2  -1  -1   0   1  -1   0   0  -3  -1  -2  -1  -1   0   0  -2  -1  -1  -1  -2   0  -2  -1   0   0  -2  -2  -1   0  -1   0   0   2   0  -1  -1  -1  -1  -1  -2  -2  -1  -3  -2  -1  -4  -3  -3   0   0  -1  -1  -2   0  -1   2   1
K  -1   0   0  -1   0  -2  -1   5   0  -1  12  -1  -2   6   0  -1  -1  -1  -2   9   0  -2   2  -2  -2  -1  -1  -2  -1  -2  -1   1  -1   0  -2  -1  -2   0  -3  -2  -4  -1  -1   1  -3  -4  -1  -2  -2  -2  -2  -1  -1  -3  -1  -2  -3   2  -2  -1  -1  -2  -1   1  -2  -2  -1  -4  -1  -3  -1  -2  -7  -7  -4  -1  -2   1  -2   0  -3  -5  -2  -1  -1  -1  -3  -3   1   0  -1  -3
L  -1  -1   0   1  -1  -1  -1   1   4   1  -1  10   5   0   1   2   6   4  -2   0   1  -1   1  -1   0   0   1  -3  -1   0   2  -5   1   3   2  -2   0  -3   0   0  -1   0   2   1  -2   0   0   0   0   1   0  -1   0   1   0  -1   0  -4   0   0  -2  -2   0  -2   1   0  -2   0   0  -1  -1  -1   1  -1   0  -1   0   1  -2   1  -3   1   0   1   3  -3   1   0   1   0   0  -1
M  -2  -2  -1  -2   5   0   1  -1   7  -1  -2   5  12   0   3   0   3   0  -1   3   5   4  -1  -1  -1  -1   1  -4  -3   0   1   3   0   0  -3   0   0   0  -7  -1  -4   0  -2   2  -5   0  -1  -1  -1   2   0  -1  -1   0  -2  -1  -3  -1  -2  -3   1   0  -2   0   0   0  -3   1  -2  -2  -1  -2  -1   2  -1   0  -1   1  -3  -2  -3   0  -1   1   0  -1  -5   0   1  -1   2  -5
N  -1   0   1   0   0   3  -2   2   6   0   6   0   0  10   1   3   1  -1  -2   0   0   1  -1  -1  -1  -1  -2  -5  -2   0  -1  -1  -1   1   0   2  -3  -4   1   0  -1  -2   2   1  -4  -3  -1  -2  -1  -4  -3   0   0  -2  -2  -1  -1  -1  -2  -3  -1  -2   1   2  -1   1  -2  -2   0  -2  -1  -2  -1   0  -2  -1  -3   2  -1   0   1  -2  -1  -2   2  -1  -2   1  -2  -3   0  -3
O  -2   0  -1   0   1  -2   4   0   0   0   0   1   3   1  12   2   0   6  -2   4   5   7   2  -1   0  -1   0  -1  -1   0   1  -6  -1   0  -2  -2  -1   0  -2  -1   3   2   0   4  -1   2   0  -1   0   1  -1   1  -1   0   2   0   0   1   2   0  -2  -1  -2   3   0  -1   2   1   2  -1  -1  -2   0   0  -1  -1   1   0  -1   2  -1  -5   0   0   1   0  -2  -2   0  -2   2  -1
P  -3  -2  -1   6  -2  -1   1  -2   2  -2  -1   2   0   3   2  13   0   8  -1   2  -2   5   1  -2   1  -1   0  -2  -1   0   0  -5  -2  -2  -3  -4  -1  -4  -3  -4  -1  -2   0  -1  -1  -3  -2  -1  -1   0   1  -2  -1  -2   2  -2  -3  -3   1  -1   1  -4   1  -2   1  -2   3   0  -3  -2  -1  -1  -1   0   0  -4  -1   0   0   1  -5  -2  -2  -1  -5  -6  -5  -2   2   0  -2  -4
Q   0   0   0   0  -2   0  -1   0   1   3  -1   6   3   1   0   0   9   2  -1   0   4   0   3  -1  -1   0   1   1  -1  -2   0  -2  -1   0  -2  -1  -1  -2   1  -1  -3  -3  -1  -2  -1  -1  -1  -1   0  -1   0  -1  -2   1   0  -1  -1  -2   0   0   1  -3  -2  -2   0   0  -1   0  -3  -1  -2   0  -1  -1  -1   0  -1   0   0   0   1  -3   0  -1  -1  -1  -2  -1  -3  -2   0  -1
R  -1  -2   0   0  -3  -1  -2  -1  -2   0  -1   4   0  -1   6   8   2  12  -3  -2  -1   5   7  -1   0   0  -1  -6   1   1   2  -3  -2   0   0  -1   0   0  -2  -2  -1  -3   1   1  -4  -3   0   0   0   2   0  -1   1  -1   1  -1  -1  -2   1   0  -3  -2   0   0   2  -1  -2   1  -1  -2  -3  -2   2   0   0  -2  -3  -2  -3  -1  -6 -11  -4  -6   2  -1  -2  -2   0  -1   0  -4
S  -1   4  -1   5   5   4   4  -2  -1  -1  -2  -2  -1  -2  -2  -1  -1  -3   9   0  -1   0  -2  -1  -1  -1  -1  -3  -1   0  -1   0  -1   0   0   1   0  -5  -1  -1   0  -1   0  -1   0  -2  -1  -1  -1  -1   0  -2  -2  -1  -2  -1   0   0   0  -2  -1  -1  -1   1  -1  -1   0   0   0  -1  -2  -1  -2   0   0  -2   1  -2   0  -1  -1  -1   0  -3  -3  -1  -2  -2  -4   1   0  -1
T  -3  -1  -2   0   0  -1   6   0   0  -1   9   0   3   0   4   2   0  -2   0  12   1  -1   2  -2   0  -1   0  -4  -2  -2  -2  -3  -1  -2  -2   1  -1  -4   1  -4   0  -3  -2   1  -5  -3  -2  -2  -2  -1  -4   0  -4  -1  -2  -2  -2  -1  -2  -3   0  -3  -1   1  -2  -3  -2  -3  -1  -3  -2  -3  -5  -4  -1  -4  -3  -3  -2  -3  -3 -11  -4 -10  -2  -5  -4  -1  -5  -1  -2  -2
U  -2   1  -1  -1   0   0  -1   0   2   3   0   1   5   0   5  -2   4  -1  -1   1  11   2   0  -1   0  -1  -3  -5   0  -1  -1   0  -2   0   2  -1  -2  -6  -2   3   0  -1  -3   0  -3   0  -1  -1  -1   0  -1   0  -3   0  -2   0   2   0  -1   0   2   2  -6   4  -3   0  -5   0  -2  -2  -1  -2  -2  -2  -1  -3  -3  -3  -1   0  -2  -5  -1  -3   0  -3  -1  -3  -1  -2  -1  -2
V  -2  -1  -1   4   3   0   2   0  -1   0  -2  -1   4   1   7   5   0   5   0  -1   2  12   1  -1   1   0   2   0  -1   0   1  -4  -1   0   1  -4  -3   1  -3   0  -8   0  -1   3 -13   0  -1  -1  -1   1   0   1  -1  -2  -1  -1   0  -3   0   0  -1  -4  -1  -3   1   0   2  -1   1  -2  -1  -2   2   1  -4   0  -1  -3   0   1   2  -3  -3  -4   2   2  -5   0   0  -2   2  -2
W  -1  -1  -1   0  -1  -1   0   1  -1   3   2   1  -1  -1   2   1   3   7  -2   2   0   1  11  -1   0   0  -2  -3   1  -1   0   0  -1  -2  -1  -3   0   0   0   1   0  -2  -1   0  -2  -4  -1   0   0   0  -1  -2  -1  -1  -1   0  -1   2  -2  -2  -2   0   1   0  -1   0  -2   0  -2  -1  -2  -1   0   1   0   0  -1   1  -2   0  -2  -2  -1  -4  -2   0  -1  -1  -2  -1  -1  -1
X  -1  -1  -1  -1  -1  -1  -2  -1  -2  -1  -2  -1  -1  -1  -1  -2  -1  -1  -1  -2  -1  -1  -1   2   1   1   0  -3   1   0   0  -2   1   0   0  -1   0  -2  -1  -1  -1   1   0  -1  -1  -1  -1  -1  -1  -1  -1  -1  -1  -1  -1  -1  -1  -1  -1  -1   0  -1  -1  -1  -1  -1  -1   0  -1  -1  -1  -1   0  -1  -1  -2  -1  -1  -1  -1  -1  -1  -2  -1   0   0   0  -1  -1  -1   0   0
Y  -1  -1  -1   0   0  -1   0  -1  -2  -1  -2   0  -1  -1   0   1  -1   0  -1   0   0   1   0   1   8   0   1   2   4   3   0  -2   2   1   0   0   2   1  -1   0  -1   5   0   2  -2   0  -1  -1  -1   0  -2  -1   0   0  -1   0  -3   0   0  -2  -1  -2  -2  -3   0   0  -1   1  -2  -1  -1  -1  -1  -2  -1  -1  -1  -3  -1  -1  -3  -2  -2  -1  -3  -2   0  -2   0  -1  -1  -1
Z  -1  -1  -1   0  -1  -1  -2   0  -1  -1  -1   0  -1  -1  -1  -1   0   0  -1  -1  -1   0   0   1   0   4   1  -1   1   0   4  -1   1   1   0  -1   2  -2   0   0   0   0   0  -1  -1   0   0   0   0  -1  -1  -1  -1  -1   0   0   0   0  -1   0   0  -1  -2  -1   0  -1  -1   0  -2  -1  -1  -1   0  -1  -1  -1  -1   0  -1  -1  -1   0  -3  -1   0   0   0  -1  -1  -1   0   1
a  -1  -1  -1   0  -2  -1   0   1  -2   1  -1   1   1  -2   0   0   1  -1  -1   0  -3   2  -2   0   1   1  12   7  -1   6   2   2   1   1   1  -1  -1   1   7  -1   2   7   4   1   5   2   0   0   0  -1  -1   1   1   0   2   1  -2  -1   0   1  -3  -1   1  -5   1  -2   0   3  -1  -1   0  -1   1   1  -1   0  -1   0  -2  -1  -3   0  -3   0   2   0  -2   0  -2  -3   1   0
b  -3  -4  -3  -5  -5  -4  -1  -2  -5  -3  -2  -3  -4  -5  -1  -2   1  -6  -3  -4  -5   0  -3  -3   2  -1   7  17   3  -2   1   2   1  -2  -6   6  -1   2   1   0  -1   5  -1   0   8  -2  -2  -4  -4  -6   3  -4   0  -5  -5  -4  -7  -6  -9  -7  -3  -4  -4  -4   2  -4   1  -5  -7  -4  -2  -4  -5  -2  -3  -1   1   0  -2   5  -3 -13   1  -3  -3  -4  -1  -1  -3  -9  -8  -1
c  -1  -1  -1   0   0  -1  -1  -1  -3  -2  -1  -1  -3  -2  -1  -1  -1   1  -1  -2   0  -1   1   1   4   1  -1   3   7   1   0   3   1   1   1   0   4  -1  -1   0   2   2   0   0   0   0  -1  -1  -1  -1  -1  -1  -2  -1  -1   0  -1  -1   0  -2   1  -1  -5   0  -1   0   0   0  -2  -1  -1  -1   0   0  -1  -1   0   0  -1  -1   0  -1  -3  -1   1   0   1  -1  -3  -2   0   1
d  -1   1   0   1   1   0  -2   0   0   0  -2   0   0   0   0   0  -2   1   0  -2  -1   0  -1   0   3   0   6  -2   1  11   1   2   1   3   3  -1  -1   4   3   1  -2   6   7   2   0  -2   0   0   0   0   0   0   0  -1  -1   1  -4   1  -2  -1  -4   2   0   0   0  -2   0   3  -1  -1   0   0   2  -1   0  -1   0  -3  -3   0  -2   0   1   1   0   0   0  -1   1  -2  -1   1
e  -1  -1   0  -2  -1   0  -2   0   0   0  -1   2   1  -1   1   0   0   2  -1  -2  -1   1   0   0   0   4   2   1   0   1   9  -7   3   5   1  -3   4  -1  -1   0   0   1   2   1  -3   2   0   0   0   1  -2  -1   0  -1   3   0   0  -3   0   0   0  -2  -1  -1   0  -1   0  -1  -3  -1  -1   0   2  -1   0   0   0   0  -1   1  -1   2  -2   0   2   0   0   0  -1   0   0   1
f  -2  -1  -1  -2  -2   0   0  -2  -1  -3   1  -5   3  -1  -6  -5  -2  -3   0  -3   0  -4   0  -2  -2  -1   2   2   3   2  -7  15   1  -5   6   9  10   5   0   3   0  -2  -4   6  -1  -4  -3  -3  -3   0  -4  -3   1  -3  -2   0  -1  -6  -4  -1  -4  -7 -12  -3  -2  -2  -3  -1 -10  -3   0  -3  -6  -6  -3   0  -2  -5  -1  -1   0  -9  -1   2  -7   1  -2  -4   0   2  -1  -5
g  -1  -1  -1   0  -1  -1  -2   0  -1   0  -1   1   0  -1  -1  -2  -1  -2  -1  -1  -2  -1  -1   1   2   1   1   1   1   1   3   1   7   2   3   0   2   0   0   3   0   2   1   3  -1   2  -1  -1   0  -1  -1  -1  -1  -1  -1   0  -1  -1   0  -2   0  -1   0  -1   0  -1   0   1   0  -1  -1   0  -1   0  -1  -1   0   0  -1   1   0  -1  -1  -2   0  -1   1  -1  -1  -1   2   0
h  -1  -1   1   0   1  -1  -4   2  -1   0   0   3   0   1   0  -2   0   0   0  -2   0   0  -2   0   1   1   1  -2   1   3   5  -5   2  12   3  -1   6   1   4   0   3   0   8   3  -4   4   0  -1   0  -1  -2   0  -2   0   1   0   0   0   1   1   3   1  -1  -6   0   0   1  -2   0  -1   0   0   1  -3   0   1   0   1   0   1  -3   3   1  -2   5  -3   1   0  -1   1   2   0
i   0   0   0   0   1   1  -2   3  -3   1  -2   2  -3   0  -2  -3  -2   0   0  -2   2   1  -1   0   0   0   1  -6   1   3   1   6   3   3  13   6   4   0   3   9   7   3   1   3  -4   4   0  -2   0  -1  -1  -1  -2   2  -2  -2  -3  -2  -2  -3  -4   2  -7  -3  -3  -3  -4   1  -2  -1  -1  -1   1  -5  -4  -2   0  -3   1   1   2  -3   1 -11   5   2   3  -2  -1  -3  -1   0
j  -1   0  -1  -2   0   1   1  -2  -2  -2  -1  -2   0   2  -2  -4  -1  -1   1   1  -1  -4  -3  -1   0  -1  -1   6   0  -1  -3   9   0  -1   6  14   3   2   5   2   0   0  -3   4   5   3  -2  -1  -2   1   0  -2  -1  -2   0  -3  -1  -2  -1  -1  -1  -3  -3  -2   0   3   1  -1  -5  -2   0  -1  -4 -10  -2  -5  -2   0  -1  -2  -2  -2  -2   1  -4  -1  -1  -3   0  -1  -2  -2
k  -1  -3  -2   1   1  -2  -3  -2  -1  -1  -2   0   0  -3  -1  -1  -1   0   0  -1  -2  -3   0   0   2   2  -1  -1   4  -1   4  10   2   6   4   3  13 -11   3  -1  -1   2   2  -1  -3  -5  -1  -2  -2  -3  -3  -1  -3  -4  -2   0   0  -2  -2  -2  -3  -3  -5  -7  -2  -3  -6  -3  -3  -2  -1   0  -1  -1  -4   0   1  -3  -2  -1  -2  -2  -1   1  -1   0  -1  -2   1   1  -1   2
l  -2  -1  -2  -3  -1  -2  -1  -3  -2  -1   0  -3   0  -4   0  -4  -2   0  -5  -4  -6   1   0  -2   1  -2   1   2  -1   4  -1   5   0   1   0   2 -11  18  -3   2   5   4   8   8   8   8  -1  -1  -1  -5  -3   0  -2  -3  -1  -1  -1  -3   4  -1  -1   0  -4   1  -1  -6   3  -3  -2  -1  -1  -2 -10   0  -2   0  -2-2147483648  -4   1   3   0  -2  -4   2   0  -2   0  -3  -3  -3   1
m  -2  -3  -1   1  -4  -1  -2  -2  -2   0  -3   0  -7   1  -2  -3   1  -2  -1   1  -2  -3   0  -1  -1   0   7   1  -1   3  -1   0   0   4   3   5   3  -3  14   1   9   0   0   0   6   4  -1  -1  -2  -5   2  -2   2  -2  -5  -3   3  -2  -3   0  -4   0  -5   0  -2  -1   3  -1 -12  -2  -1  -3  -4  -4  -2   2  -1  -6  -2   0   0   2  -4  -1  -4   1   3  -3  -3  -3  -2   1
n  -1  -1   0  -1   0   0  -1  -1  -3   1  -2   0  -1   0  -1  -4  -1  -2  -1  -4   3   0   1  -1   0   0  -1   0   0   1   0   3   3   0   9   2  -1   2   1  13   4   0   2   5   1   7  -1  -2   0   0  -2   1  -1   0   1  -2  -2   1   1  -2  -3   1  -1  -2  -1  -4   1   2  -4  -2  -1  -1   1  -3  -3  -1   0  -6  -1   1  -1  -7  -3  -4  -1  -3   1  -2  -3  -2   1  -2
o  -2  -1   0  -1  -2   0   3  -1  -2  -1  -4  -1  -4  -1   3  -1  -3  -1   0   0   0  -8   0  -1  -1   0   2  -1   2  -2   0   0   0   3   7   0  -1   5   9   4  14   1   0  -6   8  10  -1   0  -1  -4   0  -2   0  -1  -2  -2  -1  -3  -1   1  -5  -5  -5  -3  -1  -4  -5   0  -1  -1  -1  -1  -3 -20  -3  -2  -4-2147483648  -2   3   0-2147483648  -6  -7   2  -2   0   0  -1  -3   1  -1
p   0   0  -1  -2   1  -1  -2   0  -1   0  -1   0   0  -2   2  -2  -3  -3  -1  -3  -1   0  -2   1   5   0   7   5   2   6   1  -2   2   0   3   0   2   4   0   0   1  11   1   4   1  -4   0   0   0  -1  -2  -1  -3   0  -2   1  -3  -1  -2  -4  -1   0  -2  -2   0  -2   1   2  -1  -1   1  -1   0  -5  -1  -2   1  -2  -1   0  -5  -1  -1   3  -1  -2  -1   0  -1  -1  -1   1
q  -1   1   0   2  -1  -1  -2   0  -5   0  -1   2  -2   2   0   0  -1   1   0  -2  -3  -1  -1   0   0   0   4  -1   0   7   2  -4   1   8   1  -3   2   8   0   2   0   1  12   2  -3   2   0   0   0   2  -1   0   1   0   2   0  -3   3   0   0  -1   1   1  -1   1  -1  -1  -1   0  -2  -1   0   1  -1  -1  -1  -1   1  -1  -1  -3   3   0   1   3  -2   0   0  -1   1   2  -1
r  -2   0  -1   0  -1   0  -3   0   1  -3   1   1   2   1   4  -1  -2   1  -1   1   0   3   0  -1   2  -1   1   0   0   2   1   6   3   3   3   4  -1   8   0   5  -6   4   2  14   6  -1  -2  -1  -1  -1  -4   0   0  -1  -1  -2  -2  -1  -1  -1  -4   1   0   2   2  -2  -2  -4   1  -1  -3  -2  -1  -6  -2  -4  -1   3  -2   2  -3   3   1  -5  -1   0  -1  -3   0   1  -3  -1
s  -1  -1  -1  -3  -3   0  -3  -1  -3  -1  -3  -2  -5  -4  -1  -1  -1  -4   0  -5  -3 -13  -2  -1  -2  -1   5   8   0   0  -3  -1  -1  -4  -4   5  -3   8   6   1   8   1  -3   6  15   1  -2  -1  -1  -3  -9  -4  -3   0   1  -3  -4 -17  -2  -3   5   0  -2  -1  -3  -2   6  -5  -3  -2   1  -2   1  -6  -1  -2  -1  -1   0   2  -3  -7  -4  -1   0   0  -8  -1  -1  -1  -2   0
t  -2   1   0   1   0   1  -1  -2  -1  -2  -4   0   0  -3   2  -3  -1  -3  -2  -3   0   0  -4  -1   0   0   2  -2   0  -2   2  -4   2   4   4   3  -5   8   4   7  10  -4   2  -1   1  15  -1  -1  -1  -3  -4  -1  -3   0  -5  -3  -2  -4   0   0  -1  -6  -2  -2   0  -1   3  -2  -1  -1   0   0  -1  -3  -3   0  -2  -2  -1  -2  -2   1  -3   2   1   0  -5  -1  -1   0   5  -2
u  -1  -1  -1  -1  -1  -1  -2  -1  -2  -1  -1   0  -1  -1   0  -2  -1   0  -1  -2  -1  -1  -1  -1  -1   0   0  -2  -1   0   0  -3  -1   0   0  -2  -1  -1  -1  -1  -1   0   0  -2  -2  -1   2   0   1   0  -1   1  -1   0   0   1  -1  -1   0   0   0  -1  -1  -1   0  -1   0   0  -1  -1  -1  -1   0  -1  -1  -1  -1  -1  -1  -1  -1  -2  -2  -1   1  -1  -1  -1  -1  -1   0  -1
v  -1  -1  -1   0  -1  -1  -1   0  -2  -1  -2   0  -1  -2  -1  -1  -1   0  -1  -2  -1  -1   0  -1  -1   0   0  -4  -1   0   0  -3  -1  -1  -2  -1  -2  -1  -1  -2   0   0   0  -1  -1  -1   0   5   0   0   0   2   2   0   0   1  -1   0  -1   0   0  -1  -2   0   3  -2   0  -1  -2  -1  -1  -1   0  -1  -1  -2  -1  -1  -1  -1  -2  -3  -2  -2   0  -2  -1  -1  -3  -1  -1  -1
w  -1  -1  -1   0  -1  -1  -1   0  -2   0  -2   0  -1  -1   0  -1   0   0  -1  -2  -1  -1   0  -1  -1   0   0  -4  -1   0   0  -3   0   0   0  -2  -2  -1  -2   0  -1   0   0  -1  -1  -1   1   0   3   0  -1   1  -1   3   0   1   0  -1   0   1   0  -1  -1  -1   0  -1   0   0  -1  -1  -1  -1   0  -1  -1   0  -1  -1  -1  -1  -1  -2  -1  -2   0  -1  -1  -1  -1  -1  -1  -1
x  -2  -1  -1   0  -1   0  -2   0   0   0  -2   1   2  -4   1   0  -1   2  -1  -1   0   1   0  -1   0  -1  -1  -6  -1   0   1   0  -1  -1  -1   1  -3  -5  -5   0  -4  -1   2  -1  -3  -3   0   0   0  12   5   0   5   0   2   0  -2  -2   1  -1   1   7  -2   0   6   2   0   5  -2  -1   0  -1  -1  -1  -1  -2  -1   2   0  -1   0  -6  -2  -3   0  -3   0   0  -1  -1   0  -3
y  -2  -2  -2   1   0  -2  -4  -2  -1  -2  -2   0   0  -3  -1   1   0   0   0  -4  -1   0  -1  -1  -2  -1  -1   3  -1   0  -2  -4  -1  -2  -1   0  -3  -3   2  -2   0  -2  -1  -4  -9  -4  -1   0  -1   5  11   4   0  -1   2   0  -2  -1   2   1  -1   0  -1   1   4   0  -1   4  -3  -1   0  -1  -2  -1   0  -2  -1  -1   0  -2  -2   1  -1   0   1   1  -1  -1  -3   1  -1  -2
z  -1  -1  -1   0  -1  -1  -2  -1  -1  -1  -1  -1  -1   0   1  -2  -1  -1  -2   0   0   1  -2  -1  -1  -1   1  -4  -1   0  -1  -3  -1   0  -1  -2  -1   0  -2   1  -2  -1   0   0  -4  -1   1   2   1   0   4   6   0   1   3   0  -1   1   0   3  -1   0  -1   0   3  -1   0  -1  -2  -1  -1  -1   0   0  -2  -2  -2   0  -1  -1  -2  -2  -1  -1   1  -1  -1  -1  -1   0   0   0
0  -1  -2   0  -2   0  -1  -1  -1  -1  -1  -1   0  -1   0  -1  -1  -2   1  -2  -4  -3  -1  -1  -1   0  -1   1   0  -2   0   0   1  -1  -2  -2  -1  -3  -2   2  -1   0  -3   1   0  -3  -3  -1   2  -1   5   0   0  10   0   1  -1   0  -1  -1   0   3   0  -1  -2   4   4   0   0  -3  -1  -2  -1   0  -2  -1   0  -1  -4  -1  -2  -1  -5  -1  -1  -1  -2   0   0  -1  -4  -1  -2
1  -1  -1   0  -1   1  -1  -1   0  -1  -1  -3   1   0  -2   0  -2   1  -1  -1  -1   0  -2  -1  -1   0  -1   0  -5  -1  -1  -1  -3  -1   0   2  -2  -4  -3  -2   0  -1   0   0  -1   0   0   0   0   3   0  -1   1   0   8  -1   2   4  -1   0   3   1  -1  -1  -2   0   1   0  -1   4  -2  -1  -2   0  -2  -2   0  -1  -3  -1  -1  -1  -5  -1  -2   2  -2   0  -1  -3  -2   0   0
2  -1  -2  -1  -2  -4  -1  -3  -1  -3  -2  -1   0  -2  -2   2   2   0   1  -2  -2  -2  -1  -1  -1  -1   0   2  -5  -1  -1   3  -2  -1   1  -2   0  -2  -1  -5   1  -2  -2   2  -1   1  -5   0   0   0   2   2   3   1  -1  11   1   2   6   7   5   1   2   2   3  -1   1  -1   0   0  -2  -1   0   1  -1  -1  -1  -1   1   0   2  -3  -3  -2   1  -2  -5   0  -2   1   2  -2   1
3  -1  -1  -1  -1  -1  -1  -1  -1  -1   0  -2  -1  -1  -1   0  -2  -1  -1  -1  -2   0  -1   0  -1   0   0   1  -4   0   1   0   0   0   0  -2  -3   0  -1  -3  -2  -2   1   0  -2  -3  -3   1   1   1   0   0   0  -1   2   1   7  -1  -1   0   0   1  -2   4  -1   0  -1   2   2   3  -1  -1  -1   0  -1  -1   0  -2  -1  -1  -1   0  -2  -2   0   0  -1   1  -1  -1   0   2   1
4  -2  -1  -1  -2  -4  -1  -4  -1   0  -2  -3   0  -3  -1   0  -3  -1  -1   0  -2   2   0  -1  -1  -3   0  -2  -7  -1  -4   0  -1  -1   0  -3  -1   0  -1   3  -2  -1  -3  -3  -2  -4  -2  -1  -1   0  -2  -2  -1   0   4   2  -1  11  -1  -2   6   1   1  -3   2  -1   7  -1  -1   4  -2  -2  -2  -1  -1  -3  -3  -1   0  -1  -1   1  -1  -4  -3  -1  -1  -1  -2  -3  -2   0   0
5  -1  -1  -2  -3  -1  -1  -3  -1  -1  -1   2  -4  -1  -1   1  -3  -2  -2   0  -1   0  -3   2  -1   0   0  -1  -6  -1   1  -3  -6  -1   0  -2  -2  -2  -3  -2   1  -3  -1   3  -1 -17  -4  -1   0  -1  -2  -1   1  -1  -1   6  -1  -1  13   9   2   1   5   9   7  -1  -3   3  -1   2  -2  -1  -1   1  -1  -1  -1   0  -3  -1   1  -1  -1   2  -4   0  -3  -6  -1  -1   2   1  -5
6  -1  -1  -2  -2  -5  -1  -1   0  -6   0  -2   0  -2  -2   2   1   0   1   0  -2  -1   0  -2  -1   0  -1   0  -9   0  -2   0  -4   0   1  -2  -1  -2   4  -3   1  -1  -2   0  -1  -2   0   0  -1   0   1   2   0  -1   0   7   0  -2   9  11   2  -1   0   3  -1   0  -2   5   3  -1  -1  -2  -1   2  -2  -1   1   0  -3  -1   0   1   1  -2  -2   1  -2  -3  -2   0   1   1  -1
7  -1  -4  -1   0  -2  -2  -3  -2  -3   0  -1   0  -3  -3   0  -1   0   0  -2  -3   0   0  -2  -1  -2   0   1  -7  -2  -1   0  -1  -2   1  -3  -1  -2  -1   0  -2   1  -4   0  -1  -3   0   0   0   1  -1   1   3   0   3   5   0   6   2   2  11  -1   3  -3   0   0   2   1  -2   0  -2  -1  -1   0  -4  -1  -2   0   0  -1   0  -1  -1  -2  -4   3  -4   1  -1  -2  -2   0   0
8  -1  -2  -1  -1   1   0  -2  -2  -1  -2  -1  -2   1  -1  -2   1   1  -3  -1   0   2  -1  -2   0  -1   0  -3  -3   1  -4   0  -4   0   3  -4  -1  -3  -1  -4  -3  -5  -1  -1  -4   5  -1   0   0   0   1  -1  -1   3   1   1   1   1   1  -1  -1  14  -1   0   5  -1   4   6   4   3  -2   0  -1  -3  -5   0  -1   1   1   0   1   0  -2  -4   0  -3   1  -4   3   3   0  -2  -2
9  -1  -1   0  -1   0  -1  -3   1  -3  -2  -2  -2   0  -2  -1  -4  -3  -2  -1  -3   2  -4   0  -1  -2  -1  -1  -4  -1   2  -2  -7  -1   1   2  -3  -3   0   0   1  -5   0   1   1   0  -6  -1  -1  -1   7   0   0   0  -1   2  -2   1   5   0   3  -1  14   0   6  -1   0  -2   6   1  -1  -1   0   2  -2  -3  -2  -1  -5  -1  -1  -1  -4  -3  -5  -1  -2   0   0  -4  -1  -2  -2
~  -2   0  -2  -3  -2  -2  -4  -2   0  -1  -1   0  -2   1  -2   1  -2   0  -1  -1  -6  -1   1  -1  -2  -2   1  -4  -5   0  -1 -12   0  -1  -7  -3  -5  -4  -5  -1  -5  -2   1   0  -2  -2  -1  -2  -1  -2  -1  -1  -1  -1   2   4  -3   9   3  -3   0   0  14   3  -1   1   4   0   5  -1  -1  -1  -3   0   0  -3  -2   2  -2  -3  -2  -3   6  -1  -4  -4  -3  -1  -4   1   1   0
!  -1   0  -2  -1  -2   0   0  -3   4   0   1  -2   0   2   3  -2  -2   0   1   1   4  -3   0  -1  -3  -1  -5  -4   0   0  -1  -3  -1  -6  -3  -2  -7   1   0  -2  -3  -2  -1   2  -1  -2  -1   0  -1   0   1   0  -2  -2   3  -1   2   7  -1   0   5   6   3  13  -1   0  -4   4   9  -2  -1  -3  -1  -1  -2  -2  -2  -7  -1   0  -1  -4   0  -1   0   0  -2  -2   2  -4  -1   1
"  -1  -2   0   1  -1   0  -3   0  -2  -1  -2   1   0  -1   0   1   0   2  -1  -2  -3   1  -1  -1   0   0   1   2  -1   0   0  -2   0   0  -3   0  -2  -1  -2  -1  -1   0   1   2  -3   0   0   3   0   6   4   3   4   0  -1   0  -1  -1   0   0  -1  -1  -1  -1   9  -1   0  -1  -5  -1  -1  -1   0   0  -2   0   0  -1   0  -1  -2  -4  -1   0   2  -1   0   0  -4  -1   0   0
#  -2  -1  -1  -1  -2   0  -2   0   1   0  -2   0   0   1  -1  -2   0  -1  -1  -3   0   0   0  -1   0  -1  -2  -4   0  -2  -1  -2  -1   0  -3   3  -3  -6  -1  -4  -4  -2  -1  -2  -2  -1  -1  -2  -1   2   0  -1   4   1   1  -1   7  -3  -2   2   4   0   1   0  -1  11   0  -1   2  -1  -1  -1  -1   0  -2  -3  -1   2  -1  -2  -3  -1  -2  -2  -2  -1  -1  -1  -2  -1   0  -1
$  -1  -1   0   1   0  -1  -3  -1  -2   0  -1  -2  -3  -2   2   3  -1  -2   0  -2  -5   2  -2  -1  -1  -1   0   1   0   0   0  -3   0   1  -4   1  -6   3   3   1  -5   1  -1  -2   6   3   0   0   0   0  -1   0   0   0  -1   2  -1   3   5   1   6  -2   4  -4   0   0  12   0  -1  -1   0  -1   0  -1   0  -4   1  -2   0   1   0  -8   0  -1  -1  -2   0  -1   1   1   5   2
%  -1  -2  -2   1   1  -1   0  -1  -2   2  -4   0   1  -2   1   0   0   1   0  -3   0  -1   0   0   1   0   3  -5   0   3  -1  -1   1  -2   1  -1  -3  -3  -1   2   0   2  -1  -4  -5  -2   0  -1   0   5   4  -1   0  -1   0   2  -1  -1   3  -2   4   6   0   4  -1  -1   0  11   0  -1   0   0  -3  -2  -1  -2  -1   0   1  -1   0  -2  -3   1  -5   2  -4  -1   0   2   0  -1
&  -2  -1  -2  -4  -7   0   0  -2   2   0  -1   0  -2   0   2  -3  -3  -1   0  -1  -2   1  -2  -1  -2  -2  -1  -7  -2  -1  -3 -10   0   0  -2  -5  -3  -2 -12  -4  -1  -1   0   1  -3  -1  -1  -2  -1  -2  -3  -2  -3   4   0   3   4   2  -1   0   3   1   5   9  -5   2  -1   0  13  -2  -2  -2  -3  -5  -3   1   0  -1  -3  -1  -3   1   0  -4  -2   0  -1  -1  -1  -8   0   2
'  -1  -1  -1  -2  -2  -1  -3  -1  -2  -1  -3  -1  -2  -2  -1  -2  -1  -2  -1  -3  -2  -2  -1  -1  -1  -1  -1  -4  -1  -1  -1  -3  -1  -1  -1  -2  -2  -1  -2  -2  -1  -1  -2  -1  -2  -1  -1  -1  -1  -1  -1  -1  -1  -2  -2  -1  -2  -2  -1  -2  -2  -1  -1  -2  -1  -1  -1  -1  -2   3   1   2  -2  -1   2  -3   0  -2   1  -1  -1  -2   0  -2  -1  -2  -1  -1  -1  -1  -1   0
(  -1  -2  -1  -2  -2  -1  -4  -1  -1  -1  -1  -1  -1  -1  -1  -1  -2  -3  -2  -2  -1  -1  -2  -1  -1  -1   0  -2  -1   0  -1   0  -1   0  -1   0  -1  -1  -1  -1  -1   1  -1  -3   1   0  -1  -1  -1   0   0  -1  -2  -1  -1  -1  -2  -1  -2  -1   0  -1  -1  -1  -1  -1   0   0  -2   1   7   0   0   0   4   2   0   0   2  -1  -1   0   0   0  -2  -1  -2   4   0   2  -2   1
)  -1  -1  -1  -1  -2  -1  -2  -1  -2  -1  -2  -1  -2  -2  -2  -1   0  -2  -1  -3  -2  -2  -1  -1  -1  -1  -1  -4  -1   0   0  -3   0   0  -1  -1   0  -2  -3  -1  -1  -1   0  -2  -2   0  -1  -1  -1  -1  -1  -1  -1  -2   0  -1  -2  -1  -1  -1  -1   0  -1  -3  -1  -1  -1   0  -2   2   0   5  -2  -1   2  -1   4  -1   2   0  -1  -2   2  -1  -1   0  -1  -1   0   0  -1   0
*  -1   0  -1   0   0  -1   0  -1  -3  -1  -7   1  -1  -1   0  -1  -1   2  -2  -5  -2   2   0   0  -1   0   1  -5   0   2   2  -6  -1   1   1  -4  -1 -10  -4   1  -3   0   1  -1   1  -1   0   0   0  -1  -2   0   0   0   1   0  -1   1   2   0  -3   2  -3  -1   0  -1   0  -3  -3  -2   0  -2  11   8  -1   5   1   1  -1   1   1  -3  -1  -1   7  -2   3   6   2  -4   6   2
+  -2   0  -2  -1  -2  -2   1  -2   0  -1  -7  -1   2   0   0   0  -1   0   0  -4  -2   1   1  -1  -2  -1   1  -2   0  -1  -1  -6   0  -3  -5 -10  -1   0  -4  -3 -20  -5  -1  -6  -6  -3  -1  -1  -1  -1  -1   0  -2  -2  -1  -1  -1  -1  -2  -4  -5  -2   0  -1   0   0  -1  -2  -5  -1   0  -1   8  13   5   2  -1   5  -1  -1   1   7   2   0   0   0  -1   7  -3  -3   5   0
,  -2  -2  -1  -1  -1  -1  -4  -1  -2  -2  -4   0  -1  -2  -1   0  -1   0   0  -1  -1  -4   0  -1  -1  -1  -1  -3  -1   0   0  -3  -1   0  -4  -2  -4  -2  -2  -3  -3  -1  -1  -2  -1  -3  -1  -1  -1  -1   0  -2  -1  -2  -1  -1  -3  -1  -1  -1   0  -3   0  -2  -2  -2   0  -1  -3   2   4   2  -1   5   8   1   1   3   2  -1   0   0   4  -1  -2  -1  -2   3  -1   1  -2   0
.  -2  -2  -1  -1  -3  -1  -3  -1  -2  -2  -1  -1   0  -1  -1  -4   0  -2  -2  -4  -3   0   0  -2  -1  -1   0  -1  -1  -1   0   0  -1   1  -2  -5   0   0   2  -1  -2  -2  -1  -4  -2   0  -1  -2   0  -2  -2  -2   0   0  -1   0  -3  -1   1  -2  -1  -2  -3  -2   0  -3  -4  -2   1  -3   2  -1   5   2   1  11   1  -5   1   0   0  -1  -3   3   4  -3   3   6   7   1   2  -1
/  -1  -1  -1  -1   0  -1  -2  -1  -4  -1  -2   0  -1  -3   1  -1  -1  -3   1  -3  -3  -1  -1  -1  -1  -1  -1   1   0   0   0  -2   0   0   0  -2   1  -2  -1   0  -4   1  -1  -1  -1  -2  -1  -1  -1  -1  -1  -2  -1  -1  -1  -2  -1   0   0   0   1  -1  -2  -2   0  -1   1  -1   0   0   0   4   1  -1   1   1   8   0   3   5  -1  -2   4   0  -1   0  -1   1   2   1  -1   2
:  -2  -3  -1  -1   0  -3  -4   0   0  -3   1   1   1   2   0   0   0  -2  -2  -3  -3  -3   1  -1  -3   0   0   0   0  -3   0  -5   0   1  -3   0  -3-2147483648  -6  -6-2147483648  -2   1   3  -1  -2  -1  -1  -1   2  -1   0  -4  -3   1  -1   0  -3  -3   0   1  -5   2  -7  -1   2  -2   0  -1  -2   0  -1   1   5   3  -5   0  13   0   0   4   9   8  -4   1  -2  -4   1  -5   0   2  -4
;  -1  -1  -1   0   0  -1  -2  -1  -2  -2  -2  -2  -3  -1  -1   0   0  -3   0  -2  -1   0  -2  -1  -1  -1  -2  -2  -1  -3  -1  -1  -1   0   1  -1  -2  -4  -2  -1  -2  -1  -1  -2   0  -1  -1  -1  -1   0   0  -1  -1  -1   0  -1  -1  -1  -1  -1   0  -1  -2  -1   0  -1   0   1  -3   1   2   2  -1  -1   2   1   3   0   8   0   1  -1   1   1  -1   4  -1  -1  -1   4   1   3
<  -1  -1  -1  -1   1   0  -2   0  -1  -1   0   1  -2   0   2   1   0  -1  -1  -3   0   1   0  -1  -1  -1  -1   5  -1   0   1  -1   1   1   1  -2  -1   1   0   1   3   0  -1   2   2  -2  -1  -1  -1  -1  -2  -1  -2  -1   2  -1  -1   1   0   0   1  -1  -3   0  -1  -2   1  -1  -1  -1  -1   0   1  -1  -1   0   5   0   0  11  -1  -4   7   3   0   0   0  -2   8   2   0   2
=  -2  -1  -2  -2  -2   0  -3   0   1  -4  -3  -3  -3   1  -1  -5   1  -6  -1  -3  -2   2  -2  -1  -3  -1  -3  -3   0  -2  -1   0   0  -3   2  -2  -2   3   0  -1   0  -5  -3  -3  -3  -2  -1  -2  -1   0  -2  -2  -1  -1  -3   0   1  -1   1  -1   0  -1  -2  -1  -2  -3   0   0  -3  -1  -1  -1   1   1   0   0  -1   4   1  -1  13   5   0   2   2  10   9   0  -2   3   1   4
>  -2   0  -2   0   1  -3  -8  -4   0  -3  -5   1   0  -2  -5  -2  -3 -11  -1 -11  -5  -3  -2  -1  -2   0   0 -13  -1   0   2  -9  -1   3  -3  -2  -2   0   2  -7-2147483648  -1   3   3  -7   1  -2  -3  -2  -6   1  -2  -5  -5  -3  -2  -1  -1   1  -1  -2  -4  -3  -4  -4  -1  -8  -2   1  -2   0  -2  -3   7   0  -1  -2   9  -1  -4   5  14   2   4  -1   6  -1   1  -2   5   6   1
?  -2   0  -2  -1   2  -2  -1  -1  -2  -3  -2   0  -1  -1   0  -2   0  -4   0  -4  -1  -3  -1  -2  -2  -3  -3   1  -3   1  -2  -1  -1   1   1  -2  -1  -2  -4  -3  -6  -1   0   1  -4  -3  -2  -2  -1  -2  -1  -1  -1  -1  -2  -2  -4   2  -2  -2  -4  -3   6   0  -1  -2   0  -3   0   0   0   2  -1   2   4  -3   4   8   1   7   0   2  13  -6   1  -1  -1  -2   2   1  -3  -1
@  -2  -1  -2   2  -7  -1  -1   0  -2   0  -1   1   1  -2   0  -1  -1  -6  -3 -10  -3  -4  -4  -1  -1  -1   0  -3  -1   1   0   2  -2  -2 -11   1   1  -4  -1  -4  -7   3   1  -5  -1   2  -1  -2  -2  -3   0  -1  -1  -2   1   0  -3  -4  -2  -4   0  -5  -1  -1   0  -2  -1   1  -4  -2   0  -1  -1   0  -1   3   0  -4   1   3   2   4  -6  15  -1   4   5   0   4   8   8   6
[   0  -1   0  -1   2   0  -3   1   1   0  -1   3   0   2   1  -5  -1   2  -3  -2   0   2  -2   0  -3   0   2  -3   1   0   2  -7   0   5   5  -4  -1   2  -4  -1   2  -1   3  -1   0   1   1   0   0   0   1   1  -1   2  -2   0  -1   0   1   3  -3  -1  -4   0   2  -2  -1  -5  -2  -1  -2  -1   7   0  -2   4  -1   1  -1   0   2  -1   1  -1  13   0   8   1   1  -2   6   3
\  -1  -1  -2   1  -2   0  -5   0  -2  -1  -1  -3  -1  -1   0  -6  -1  -1  -1  -5  -3   2   0   0  -2   0   0  -4   0   0   0   1  -1  -3   2  -1   0   0   1  -3  -2  -2  -2   0   0   0  -1  -2  -1  -3   1  -1  -2  -2  -5  -1  -1  -3  -2  -4   1  -2  -4   0  -1  -1  -2   2   0  -2  -1   0  -2   0  -1  -3   0  -2   4   0  10   6  -1   4   0  12   4  -3  -2   6   2   5
]  -2  -2  -2   0   1  -1  -4  -1  -2  -1  -3   1  -5  -2  -2  -5  -2  -2  -2  -4  -1  -5  -1   0   0   0  -2  -1   1   0   0  -2   1   1   3  -1  -1  -2   3   1   0  -1   0  -1  -8  -5  -1  -1  -1   0  -1  -1   0   0   0   1  -1  -6  -3   1  -4   0  -3  -2   0  -1   0  -4  -1  -1  -2  -1   3  -1  -2   3  -1  -4  -1   0   9  -1  -1   5   8   4  13  -1  -2   0   6   8
^  -1  -1  -1  -1  -5  -2  -3  -2  -1  -2  -3   0   0   1  -2  -2  -1  -2  -2  -1  -3   0  -1  -1  -2  -1   0  -1  -1  -1   0  -4  -1   0  -2  -3  -2   0  -3  -2   0   0   0  -3  -1  -1  -1  -1  -1   0  -1  -1   0  -1  -2  -1  -2  -1  -2  -1   3   0  -1  -2   0  -1  -1  -1  -1  -1   4  -1   6   7   3   6   1   1  -1  -2   0   1  -2   0   1  -3  -1  10  -1  -3   1  -1
_  -2  -2  -2  -3   1  -1  -5  -1   0   0   1   1   1  -2   0   2  -3   0  -4  -5  -1   0  -2  -1   0  -1  -2  -3  -3   1  -1   0  -1  -1  -1   0   1  -3  -3  -3  -1  -1  -1   0  -1  -1  -1  -3  -1  -1  -3  -1  -1  -3   1  -1  -3  -1   0  -2   3  -4  -4   2  -4  -2   1   0  -1  -1   0   0   2  -3  -1   7   2  -5  -1   8  -2  -2   2   4   1  -2  -2  -1  13   1   1   1
`  -2  -1  -1   0  -1   0  -6  -1  -2  -1   0   0  -1  -3  -2   0  -2  -1   1  -1  -2  -2  -1  -1  -1  -1  -3  -9  -2  -2   0   2  -1   1  -3  -1   1  -3  -3  -2  -3  -1   1   1  -1   0  -1  -1  -1  -1   1   0  -4  -2   2   0  -2   2   1  -2   0  -1   1  -4  -1  -1   1   2  -8  -1   2   0  -4  -3   1   1   1   0   4   2   3   5   1   8  -2   6   0  -3   1  13   2   2
{  -2   0  -1   1  -2   0  -1  -1  -1   2  -1   0   2   0   2  -2   0   0   0  -2  -1   2  -1   0  -1   0   1  -8   0  -1   0  -1   2   2  -1  -2  -1  -3  -2   1   1  -1   2  -3  -2   5   0  -1  -1   0  -1   0  -1   0  -2   2   0   1   1   0  -2  -2   1  -1   0   0   5   0   0  -1  -2  -1   6   5  -2   2  -1   2   1   0   1   6  -3   8   6   2   6   1   1   2  12   4
}   0  -1  -1  -1  -1   1  -3  -1  -3   1  -3  -1  -5  -3  -1  -4  -1  -4  -1  -2  -2  -2  -1   0  -1   1   0  -1   1   1   1  -5   0   0   0  -2   2   1   1  -2  -1   1  -1  -1   0  -2  -1  -1  -1  -3  -2   0  -2   0   1   1   0  -5  -1   0  -2  -2   0   1   0  -1   2  -1   2   0   1   0   2   0   0  -1   2  -4   3   2   4   1  -1   6   3   5   8  -1   1   2   4  11
